10048482
10051690
10062365
10062464
10062465
10062466
10062468
10062469
10062470
10062471
10062472
10062473
10062474
10062475
10062476
10062477
10062478
10062479
10075795
10078302
10078303
10078304
10078305
10078449
10078450
10078677
10078681
10078682
10078685
10078687
10078688
10078689
10081280
10082147
10087884
10088370
10088373
10088374
10088375
10088751
10089830
10089831
10089832
10091425
10091426
10091704
10091705
10092967
10093522
10093523
10093930
10093994
10093998
10094551
10094554
10094558
10094572
10094579
10094589
10095479
10095985
10095987
10095991
10096432
10096631
10096632
10096638
10097223
10097224
10097614
10097615
10097616
10097617
10097618
10097619
10097621
10097623
10097625
10097627
10097628
10097629
10097932
10097935
10098068
10098200
10098201
10098203
10098204
10098205
10098207
10098208
10098323
10098324
10098325
10098326
10098752
10098754
10098974
10098979
10099286
10099289
10099290
10099346
10099349
10100054
10100058
10100168
10100169
10100170
10100216
10100217
10100218
10100694
10100695
10100718
10100719
10100720
10100721
10100772
10100773
10100774
10100775
10100798
10100823
10102070
10104076
10104080
10104102
10104105
10104580
10104581
10104583
10104584
10104600
10104617
10105035
10105058
10105263
10105267
10105268
10105270
10105271
10105272
10105273
10105274
10105276
10107711
10107712
10107714
10107715
10107716
10107717
10107744
10108969
10109599
10111736
10111737
10112065
10112783
10114197
10114209
10114211
10114213
10114228
10114229
10114506
10114507
10115154
10116515
10116516
10116517
10116518
10116519
10116520
10116521
10116522
10116524
10116526
10116533
10116534
10116535
10116536
10116537
10116539
10116540
10116541
10116543
10116545
10116980
10116981
10116982
10116983
10116984
10116985
10116986
10116987
10116988
10116989
10116990
10116991
10116996
10116997
10116998
10116999
10117000
10117001
10117002
10117003
10117004
10117005
10117007
10117008
10117384
10117397
10117445
10117469
10117733
10117734
10117989
10118026
10118207
10118248
10118594
10118595
10118596
10118597
10118600
10118640
10119152
10119967
10119969
10119975
10119977
10120570
10120571
10120572
10120573
10120574
10120575
10120576
10120579
10120581
10120591
10120592
10120593
10120603
10120620
10120621
10120659
10123094
10123095
10123096
10123097
10123098
10123099
10123262
10123274
10123465
10123466
10123467
80004519
80004527
80004531
80004535
80004539
80004543
80004547
90001430
90001457
90001597