3445	1
331	1
4188	2
3980	2
2484	3
3904	3
4779	4
1789	4
1140	5
2308	5
1144	5
2052	6
4930	7
1203	7
2540	7
604	8
2704	9
3867	9
4585	9
2898	10
2590	11
1675	11
3907	12
3626	12
4270	12
510	13
4494	13
764	14
3267	15
9	15
4043	15
1998	16
2664	16
515	17
1565	17
4649	17
1954	18
4448	19
747	20
659	20
4161	21
4008	21
2469	22
2384	23
1022	23
4484	23
4426	24
1664	24
4482	25
4813	25
2356	25
750	26
4884	26
2597	27
4715	27
2378	28
1551	29
270	30
2130	31
3903	31
565	31
1066	32
316	33
4428	34
3205	35
4297	35
2257	35
1929	36
1762	36
4831	36
4748	37
2254	37
4035	38
2927	38
2656	39
944	40
3984	40
4809	40
2746	41
1559	41
1990	41
2220	42
1806	43
1396	44
2724	44
509	45
824	45
1792	46
4701	47
4376	48
4932	48
606	48
1019	49
1544	50
4967	50
4718	50
3204	51
3032	52
298	53
177	54
1594	54
1515	54
1014	55
3925	55
1725	55
500	56
186	56
4458	56
831	57
2129	57
1809	58
2466	59
3572	60
1477	60
4125	61
322	62
4886	62
3205	63
2131	64
3852	65
4667	65
1666	66
1296	67
2804	68
2053	69
960	69
4888	69
1432	70
108	70
3357	71
4662	71
2551	72
2925	72
3183	72
2055	73
1256	73
4592	73
101	74
3751	74
647	74
374	75
4459	75
1104	76
1967	76
2885	77
4998	77
2942	78
4835	78
1084	79
2541	79
3178	79
3394	80
661	80
12	80
1575	81
2739	81
1311	81
1827	82
3671	83
3101	83
4654	83
258	84
3295	84
4648	85
3426	85
383	85
3648	86
2123	87
1291	88
3656	88
4321	88
4599	89
4947	89
318	90
2670	91
2556	91
408	92
3400	92
4493	93
683	94
1069	94
120	94
3420	95
2590	95
1749	96
19	97
4328	98
801	98
1560	98
4983	99
1626	100
2477	100
2293	100
1492	101
820	101
3896	101
666	102
178	102
3710	103
948	103
1092	104
4266	104
2843	105
942	105
1265	105
152	106
346	106
1685	107
2127	108
4574	108
2578	108
4648	109
344	109
4977	110
4050	110
3757	110
3567	111
3051	111
4406	111
1702	112
4809	113
2384	113
1134	114
2223	115
2764	116
3008	116
767	117
2770	117
292	117
2208	118
1224	119
2371	120
2956	120
3234	120
1062	121
2403	121
941	121
1963	122
395	122
1471	123
4284	123
580	124
2479	124
3302	124
2451	125
3397	125
814	126
3941	127
3883	127
2761	127
1018	128
3924	128
4077	129
309	130
2473	130
1275	131
1364	131
4624	132
3076	132
712	132
693	133
1810	134
3152	135
803	136
4558	137
4251	137
3674	138
4002	138
1779	139
3465	139
685	139
1803	140
2137	140
1364	141
3532	141
1572	141
942	142
523	142
226	143
4307	143
3699	143
1652	144
974	144
4072	144
2101	145
1697	145
344	146
1768	146
1198	146
1621	147
3096	148
2962	148
1239	149
858	149
4884	149
1215	150
4619	150
3467	151
4269	151
2641	152
4083	152
1654	153
4446	153
1792	154
79	154
2787	154
2607	155
2636	155
290	155
1215	156
2104	156
4936	156
3104	157
2411	158
3853	158
543	158
4231	159
543	160
1069	161
2461	162
3674	163
1316	164
1219	164
3774	165
3041	165
4136	165
4340	166
4115	166
4701	167
4243	168
625	169
3492	169
1688	169
4386	170
4903	170
3950	171
3183	171
4803	172
1913	172
167	172
1	173
1490	173
2477	173
4671	174
2084	174
2725	174
4042	175
2480	176
3342	176
3143	177
510	177
1043	178
2351	179
2736	180
454	180
294	180
3423	181
1154	181
4931	182
668	182
1240	183
2889	183
3368	183
3819	184
3759	185
385	185
3857	186
165	187
4901	188
1087	189
2653	189
862	189
4498	190
2839	190
1597	190
4016	191
909	191
4998	192
3827	193
2767	193
1018	193
2427	194
1041	194
3175	194
995	195
4251	195
312	196
3641	197
3043	197
3731	198
617	199
365	199
3982	200
218	201
4260	201
4663	202
4684	202
1769	202
765	203
4115	204
4290	204
3441	204
2501	205
929	205
1193	205
4636	206
3457	206
858	207
515	208
812	208
1279	209
251	209
3531	210
3416	210
4068	211
2069	212
643	212
576	213
994	213
240	214
2829	214
1457	215
81	215
2996	216
4887	217
1703	218
1677	219
1009	220
58	220
2402	220
201	221
4954	221
1162	222
3719	223
3905	224
2115	225
1066	225
1704	226
2744	227
3877	227
2427	228
4531	228
2678	229
1507	229
4858	229
840	230
4758	231
2521	231
1281	231
1203	232
1025	232
2587	233
1989	234
1938	234
1506	234
3051	235
3438	235
378	236
1083	236
4925	236
3226	237
599	238
3442	239
4511	240
3414	240
1165	241
4842	241
3458	241
2904	242
692	242
3643	243
3024	244
4335	244
473	244
3347	245
69	245
2626	246
3615	246
3044	247
3857	248
745	248
889	249
918	250
4572	250
1260	251
3654	251
3266	251
3454	252
1431	253
2031	253
2788	254
4287	254
2911	255
708	256
3959	256
2414	257
3678	258
3784	259
63	259
1791	259
937	260
2467	260
4990	261
1279	261
3475	261
3861	262
758	262
4076	262
4454	263
2294	264
177	264
2212	265
332	266
2	266
2101	266
4309	267
4764	267
3245	268
3642	268
835	268
2069	269
2898	269
2321	269
1605	270
4877	270
698	270
577	271
2503	272
4371	272
968	273
4343	273
1339	274
3398	275
2316	276
4258	276
4702	277
1722	278
4353	278
862	278
4452	279
3304	279
2282	280
2394	280
3623	280
4654	281
1128	281
1010	282
987	283
3124	283
3286	283
3833	284
1143	284
4584	284
2449	285
2900	285
3872	285
3400	286
1785	286
3905	286
4108	287
2607	287
493	288
3637	288
1169	289
4059	289
1767	290
2911	291
3202	292
82	292
544	293
666	293
3236	293
2959	294
951	295
30	296
2214	296
2396	296
1857	297
1152	297
4692	297
1566	298
863	298
3775	299
2704	299
1378	300
2709	300
3565	301
1212	301
1208	302
4293	302
1058	303
1711	303
3638	304
3185	305
3500	305
3191	306
1803	306
3598	307
4804	308
407	309
3181	309
272	309
693	310
2978	311
1420	312
2437	313
709	314
4195	314
2330	314
3370	315
3754	315
4228	316
4482	317
3527	317
4759	317
4015	318
2086	318
3896	319
1764	319
2762	319
345	320
358	320
1334	321
31	322
2374	322
58	323
1150	323
521	323
1819	324
4985	324
4569	325
1810	325
1579	326
2781	326
838	327
4967	327
701	327
2645	328
4390	328
2663	329
2093	329
4276	330
1557	331
656	332
1716	332
2832	333
1538	333
1651	333
2468	334
2557	334
3151	335
2086	335
3949	335
1965	336
364	336
4521	337
592	337
3775	338
3589	339
388	339
4043	340
3772	340
967	341
701	341
1975	342
1259	343
1748	344
3609	344
631	345
3497	345
4579	345
322	346
1477	346
4014	347
1049	348
2884	349
2618	349
878	350
4563	350
4997	351
4432	351
2430	352
4210	353
4953	353
4392	354
2138	354
1898	355
135	355
810	356
3396	357
1786	358
52	359
4387	359
3508	360
407	360
997	360
2232	361
968	361
4625	362
2940	362
1880	362
4478	363
2311	363
1815	363
1967	364
530	364
4244	364
2681	365
1913	365
3934	366
2349	366
1403	367
1124	367
126	367
4135	368
2686	368
3006	368
207	369
1063	369
3240	369
1448	370
626	371
1110	371
1691	371
4665	372
1748	372
1082	373
3150	374
4984	375
4841	375
4083	376
213	377
4883	378
2937	378
4007	378
2528	379
103	379
4550	380
1335	381
4052	381
3939	381
2571	382
645	382
2123	382
4950	383
1565	384
2592	384
3146	385
484	385
313	386
2044	387
2811	387
1850	388
2130	388
1329	389
2497	389
2919	390
4419	391
476	391
1238	391
180	392
4023	392
502	393
201	393
1978	393
101	394
2676	395
511	396
3462	397
1112	397
3677	398
1163	399
2933	399
1449	400
2693	400
3347	401
3134	401
78	401
2160	402
4372	402
3790	403
343	403
4626	403
3349	404
1403	405
25	405
1132	406
4210	406
1213	406
2703	407
1444	408
180	409
4599	410
642	411
4897	412
849	412
3747	413
1229	413
4931	413
2068	414
3084	415
223	415
297	416
4066	416
734	416
2398	417
1235	417
1934	418
4156	418
1329	419
3315	419
2210	420
4033	420
121	421
2545	421
2361	422
4509	422
3841	422
4356	423
4522	424
2149	424
313	424
3236	425
983	425
2839	426
4063	426
169	427
280	428
2080	428
4767	429
2373	429
1696	429
4229	430
2787	430
3162	430
1711	431
950	431
2698	432
1987	432
4801	432
4364	433
2894	433
1331	433
2708	434
74	435
4791	435
419	435
1279	436
2822	436
2975	436
2403	437
2646	437
3306	438
4920	438
1392	439
8	439
4657	440
3619	441
2796	442
3935	443
2110	444
1537	444
575	444
3472	445
2283	445
1424	445
1391	446
518	446
1289	446
901	447
4128	447
4451	447
3151	448
3560	448
2177	448
2334	449
111	449
2297	450
2115	450
4319	451
4542	451
2604	451
1556	452
3536	452
48	453
1272	454
4614	454
3146	454
3802	455
297	455
3372	456
1870	456
128	456
4334	457
1298	457
1593	458
2903	458
4071	458
2041	459
1983	460
2248	460
1516	460
638	461
4695	461
1939	462
3683	462
822	463
1542	463
1347	463
534	464
3495	464
3233	465
2227	465
2070	465
2917	466
4994	466
742	467
2515	467
4034	468
2052	469
3259	470
3568	471
3188	471
314	472
4773	472
3811	472
4659	473
1038	473
2280	474
2687	474
199	474
3880	475
4273	475
340	476
4636	477
2957	478
36	478
1562	479
907	480
4428	480
3859	480
2576	481
2578	482
1026	483
2253	483
1164	484
4879	484
3311	485
4190	486
490	486
1027	487
3939	488
382	489
4256	489
356	489
3172	490
1476	490
2823	490
678	491
661	491
4585	491
2175	492
2137	493
2079	494
2123	494
3739	495
1271	495
3676	495
1251	496
316	496
4796	496
4196	497
2589	498
1580	499
3740	500
1955	500
3757	500
1305	501
2733	501
1104	501
4554	502
468	502
675	503
4240	503
2812	503
655	504
3503	505
2886	506
4671	506
3699	506
3097	507
4197	507
973	508
1115	508
186	509
1495	509
1024	510
157	510
2767	510
1583	511
361	511
3390	511
508	512
2549	512
3190	512
4918	513
1377	514
2931	514
634	514
442	515
3610	515
4949	516
2095	516
2537	517
4609	517
3716	517
1480	518
251	518
2163	519
1560	519
525	520
2929	520
1010	521
2873	522
1450	523
111	524
2644	524
4538	525
4063	525
659	526
423	526
3292	527
2148	527
227	527
4225	528
784	528
656	528
2937	529
806	529
270	530
1263	530
2351	531
301	531
5	531
2766	532
1285	532
1203	533
1315	533
1430	533
1987	534
2689	535
195	535
3956	535
3261	536
361	536
1854	536
2306	537
1392	538
1951	538
1851	539
1340	539
3792	540
2976	540
1130	541
3166	541
4627	541
1328	542
46	543
3194	543
1408	543
159	544
2648	545
30	546
312	546
386	546
4694	547
1209	548
1254	548
3111	548
3430	549
4653	550
2727	550
2031	551
1129	551
2982	551
1774	552
4369	552
3279	552
1063	553
4637	554
2872	554
3535	555
2012	556
3859	556
1843	557
3234	557
3941	558
4762	559
565	559
2259	560
4313	560
4442	561
177	561
3887	562
1941	562
2263	562
2634	563
873	564
4378	564
1181	565
3214	566
219	566
3449	566
3220	567
3546	567
858	567
3773	568
4949	568
3784	568
1389	569
3885	570
3367	570
4834	571
4125	572
921	572
2829	573
1168	573
2929	574
3872	574
4249	574
1603	575
1449	576
4781	576
2425	577
3113	577
339	578
2384	578
4517	578
285	579
3363	579
3073	580
1705	580
1099	581
1082	581
2924	582
255	583
4724	584
3263	584
623	585
637	585
4463	586
4537	586
1386	587
1699	588
1869	589
4303	590
4039	591
2359	592
2745	592
970	593
3349	593
2144	593
2805	594
4108	595
2718	595
4367	595
1184	596
3081	596
4550	596
1921	597
3101	597
3197	598
3860	598
2508	599
3359	599
3328	599
1261	600
40	601
4878	602
4236	602
875	602
1678	603
4880	603
4940	603
910	604
2184	604
1381	604
699	605
295	605
945	606
3937	607
2607	607
3707	608
4786	609
2079	609
3985	610
1873	610
1302	610
4518	611
638	611
4161	611
211	612
1366	613
4236	613
3349	613
1704	614
3589	614
3317	614
173	615
4812	615
3180	616
3612	617
439	618
3072	618
711	618
4818	619
3319	619
2740	619
4151	620
320	621
3931	621
833	622
2201	622
4157	622
4512	623
3228	623
2173	624
1482	624
4431	625
1306	626
2477	626
1176	627
3743	627
563	627
3916	628
4637	629
3358	629
755	630
2175	630
3950	630
908	631
1155	632
2944	632
1135	633
464	634
1120	634
4804	634
1626	635
57	635
270	635
4573	636
4929	636
876	637
3874	637
2844	638
2810	638
798	638
42	639
1979	639
1856	639
2551	640
2248	640
73	641
2907	642
4169	642
750	643
634	643
4699	644
3459	644
3010	645
1191	646
1897	646
1632	647
3941	647
2942	648
2317	648
3148	648
1059	649
978	649
3286	649
4098	650
3858	650
3063	651
2938	652
3538	652
2272	652
3283	653
2319	653
3929	654
988	655
3653	655
2818	656
1531	657
4090	658
1873	658
3144	659
3807	660
4206	660
4635	661
1807	661
3270	662
4114	662
2549	662
1905	663
2576	663
13	664
752	664
3864	664
3229	665
1862	665
398	666
4713	666
3330	667
2158	668
2677	669
926	670
2983	671
1914	672
66	673
4379	674
36	674
954	675
4963	676
1633	676
668	676
3818	677
1619	677
12	677
3401	678
547	678
4398	678
1919	679
3403	680
3888	681
3	681
1721	682
3123	682
2206	683
4774	684
3010	685
2763	685
3718	686
1100	686
4881	686
754	687
2062	687
845	687
847	688
2235	688
197	688
1162	689
1113	689
3104	689
4695	690
2617	691
1651	691
3450	691
4099	692
985	692
4584	692
3888	693
4169	694
3848	695
1463	695
4487	696
2783	696
3409	697
3090	698
643	698
4140	699
2749	699
1913	699
2035	700
2875	700
3361	701
195	701
49	702
4525	702
3654	703
1834	703
1974	704
2074	704
3891	705
1155	705
3611	706
2948	707
3982	707
1219	708
4279	708
717	708
2456	709
1005	710
483	710
1270	710
300	711
2739	711
1313	712
3838	712
3197	712
1537	713
3370	713
4064	713
1372	714
386	715
2776	715
4267	716
1537	716
2687	716
4253	717
4870	718
4773	718
3555	718
4042	719
4675	720
1747	720
4899	720
269	721
1990	721
4947	722
2602	722
1608	723
4	723
356	723
1099	724
3630	725
4996	726
1834	726
893	726
3485	727
2346	727
2770	727
1574	728
1337	728
4565	729
2920	729
3589	730
3201	730
3595	730
2601	731
3838	731
551	731
1800	732
1276	733
3800	734
4428	734
3013	735
381	736
174	736
3327	736
717	737
4796	738
4666	738
4430	739
1724	739
33	740
1117	740
4348	740
4011	741
2528	741
3114	741
4400	742
541	742
641	742
4036	743
125	743
1670	743
2949	744
2556	744
190	745
228	746
4199	747
3010	747
1256	747
2116	748
902	748
3663	749
2281	749
1798	749
3146	750
4151	750
1870	751
4835	751
728	752
360	752
2584	753
4785	754
4616	754
3973	754
4319	755
3561	756
2616	756
198	757
955	757
4973	758
1094	758
254	759
3520	760
260	761
2228	762
2164	762
3148	762
2816	763
3061	764
1552	764
4437	765
4439	765
488	765
4222	766
4523	766
1322	767
179	768
2112	768
1127	769
2818	769
4597	770
554	771
2060	771
853	772
4265	772
615	772
1050	773
3975	773
283	773
1830	774
2845	774
793	774
1777	775
1451	775
1885	775
1649	776
4987	776
3596	777
2854	777
1294	777
2855	778
4483	778
1770	779
2570	780
1052	780
4596	781
3	781
2687	782
2648	783
287	783
115	784
939	785
1363	785
2255	786
1649	786
4200	786
2837	787
3678	787
728	787
4118	788
4357	788
1005	789
658	789
3792	790
2655	790
1426	790
1974	791
3579	791
2348	792
256	792
187	792
2206	793
2565	794
4487	795
2354	795
2038	796
4232	797
1147	797
2126	797
459	798
3183	798
3429	798
4771	799
1846	799
2562	800
4364	800
3676	801
1006	801
3067	802
1388	802
420	803
1892	803
3910	803
250	804
1953	804
2525	805
1496	806
3585	807
2966	808
3390	809
1020	809
4319	809
4094	810
2199	811
3311	811
3856	812
478	812
4294	813
1658	814
2041	814
1812	815
1190	816
1526	816
2051	817
4457	817
223	817
1905	818
3419	819
1284	819
1993	819
1055	820
4762	820
1376	820
2031	821
4292	821
2452	821
172	822
3775	822
1636	822
3375	823
3121	824
3177	825
1740	825
3152	825
4310	826
4040	826
844	826
704	827
95	828
669	828
86	828
1990	829
3242	829
3689	829
2259	830
3378	830
2828	830
3246	831
2115	831
627	831
4800	832
1719	833
439	834
549	835
3655	835
2039	835
1101	836
4913	836
4175	837
2368	837
110	837
1210	838
2877	838
2932	838
2435	839
4110	839
2076	840
1094	840
184	840
1635	841
4985	841
2780	842
3879	842
3607	843
1141	843
2424	844
2718	844
4940	845
3118	845
4741	846
3287	846
4108	847
2440	847
4626	847
1546	848
1772	849
2172	849
1371	850
4175	850
1149	850
4238	851
4355	851
4147	851
3898	852
2799	852
2121	852
2471	853
3737	853
4314	854
427	854
1591	854
3758	855
563	855
1648	856
845	857
2100	857
8	857
1515	858
1422	859
2952	859
4992	859
73	860
135	860
4977	861
2542	862
3219	863
2975	864
2905	864
4768	865
944	866
202	866
116	867
4355	868
2232	868
2890	868
1708	869
3145	869
1612	869
1511	870
1464	870
1238	871
4844	871
3339	872
4807	872
1857	872
443	873
4951	874
256	874
1110	875
4116	875
698	875
2542	876
2717	876
1548	877
503	877
2778	877
2589	878
2247	879
3981	879
3942	879
2708	880
2208	880
638	880
1307	881
882	881
2121	882
4578	882
3314	882
3668	883
3451	883
1302	883
3433	884
1035	884
920	884
912	885
1523	885
3950	885
819	886
3487	886
2262	887
906	887
2913	888
4170	888
4391	888
66	889
4979	890
1134	891
3343	892
3943	893
221	893
1150	894
696	894
3211	895
4744	895
1844	895
1714	896
226	897
386	897
3271	898
1085	898
4589	898
2434	899
3331	899
3315	899
448	900
3651	900
4443	900
4592	901
1698	902
1379	903
731	903
4723	903
2357	904
2194	904
1733	905
3302	905
73	906
422	906
4288	906
84	907
2331	908
1265	908
1153	908
1102	909
938	909
2721	909
2648	910
2705	911
512	912
705	912
3055	912
2079	913
2718	914
3974	914
4388	915
4312	915
662	916
3594	917
3143	917
4441	918
3932	918
3488	919
4248	919
606	919
1177	920
3273	921
4189	921
2567	921
577	922
1277	923
3146	924
4630	925
949	925
557	925
2192	926
4630	926
2479	926
3907	927
3294	927
2614	928
3823	928
4197	928
1902	929
4113	929
3144	930
2803	931
4196	931
2046	932
630	933
3893	933
908	933
3565	934
1997	934
198	935
4249	935
4159	935
329	936
2938	937
325	937
2996	937
2792	938
3981	939
3957	939
10	940
1934	940
3910	941
2820	941
1316	941
3934	942
1350	943
3156	943
2357	943
4753	944
3962	944
1745	944
3721	945
4913	946
1420	946
3618	946
4738	947
2685	947
4652	948
1180	948
3518	949
3206	949
1943	949
3121	950
2418	950
1731	951
1980	952
4394	952
3047	953
3731	953
1951	953
2766	954
1199	954
2638	954
1179	955
4508	956
1417	956
4886	957
939	957
3660	957
1677	958
1487	958
2932	959
4958	959
2040	959
727	960
4430	960
4069	960
2406	961
2239	962
4192	962
2899	963
2583	964
169	964
1573	965
4947	966
4564	967
663	968
2054	968
2357	969
3984	969
3438	969
3156	970
446	970
481	971
1308	972
2180	972
4577	973
3589	973
2530	973
3398	974
3946	974
3071	974
734	975
656	976
747	976
4146	976
4772	977
2710	978
4887	978
784	978
1924	979
165	979
337	979
2556	980
4817	981
1051	982
4716	982
4351	983
1620	983
2275	983
1300	984
1504	984
1851	985
1121	985
1065	985
2112	986
2486	987
1190	987
2222	988
1674	988
642	988
3333	989
1629	990
140	991
2879	991
4405	991
3930	992
1033	992
2218	992
2287	993
1806	994
33	994
1174	994
4730	995
27	996
3425	996
1041	996
3972	997
336	998
4123	998
2611	998
1428	999
2593	1000
3625	1000
2255	1001
1546	1002
822	1002
2865	1002
2229	1003
2888	1003
4822	1004
2316	1004
1784	1004
4525	1005
3215	1005
1435	1006
932	1007
4833	1007
779	1008
4234	1008
1134	1008
3775	1009
1181	1009
3461	1009
4392	1010
1598	1010
560	1011
3608	1012
2679	1012
4193	1013
419	1013
3195	1014
3145	1014
1031	1015
4432	1015
4663	1015
284	1016
3634	1017
4229	1017
3406	1018
1721	1018
3839	1018
3206	1019
799	1020
3294	1021
996	1021
4151	1021
3822	1022
1375	1022
264	1022
1908	1023
779	1024
3096	1025
3329	1025
570	1025
1741	1026
4306	1026
1627	1026
4028	1027
1568	1028
4204	1029
4946	1030
4507	1031
4258	1032
3535	1032
4921	1032
2147	1033
3861	1033
4938	1034
236	1034
2873	1034
1686	1035
283	1035
3608	1036
4243	1037
1737	1038
57	1038
1174	1038
3717	1039
748	1040
4950	1040
2375	1041
3212	1041
2436	1042
726	1042
1019	1043
4066	1043
3035	1043
723	1044
1884	1044
1114	1044
1966	1045
146	1045
2317	1046
1179	1046
3032	1047
1192	1047
948	1047
2633	1048
2623	1048
619	1048
1569	1049
1640	1049
4271	1050
3472	1050
3103	1051
3233	1051
290	1051
3611	1052
2357	1053
1270	1054
4314	1054
1540	1054
4008	1055
2866	1055
1272	1055
1217	1056
4690	1056
3517	1056
1733	1057
956	1057
1141	1058
4392	1059
3471	1059
313	1060
3851	1061
4693	1061
3003	1062
807	1063
827	1063
4049	1063
4263	1064
246	1065
4827	1066
706	1066
3814	1066
4799	1067
2104	1067
4607	1068
3083	1068
1330	1068
999	1069
4760	1070
4241	1070
1309	1070
1992	1071
107	1071
1175	1072
4923	1073
1181	1073
1264	1073
1452	1074
556	1074
865	1074
782	1075
2208	1075
3832	1076
4728	1076
2113	1076
3439	1077
339	1077
612	1077
3698	1078
2842	1079
2080	1080
3340	1080
181	1081
2428	1081
1981	1082
1739	1082
730	1082
1179	1083
2030	1083
4283	1083
3710	1084
87	1085
2051	1085
4736	1086
4253	1086
1058	1087
2718	1087
4665	1087
4368	1088
3180	1088
1641	1088
777	1089
3646	1089
2209	1090
1940	1090
2144	1090
693	1091
3014	1091
3685	1092
3164	1093
3664	1094
425	1094
2337	1094
3472	1095
3835	1095
4660	1095
4239	1096
1594	1096
1313	1096
2185	1097
3153	1098
2106	1099
1620	1099
3971	1099
2168	1100
4222	1100
1087	1101
4986	1101
2196	1102
1408	1102
127	1103
1701	1103
2776	1103
895	1104
255	1104
2540	1105
2642	1105
1577	1106
2706	1106
3361	1106
1015	1107
2928	1108
3869	1109
3616	1109
1423	1109
2900	1110
3503	1110
3574	1110
2987	1111
4784	1111
719	1112
3709	1113
1073	1113
786	1113
4299	1114
3164	1115
3932	1115
1945	1115
791	1116
3455	1116
2427	1117
1396	1118
2468	1118
2281	1118
1019	1119
4570	1119
2763	1119
1183	1120
763	1121
2766	1122
3705	1122
1988	1123
4681	1124
3778	1124
4471	1125
1402	1125
3279	1126
121	1126
38	1127
2700	1128
1701	1129
2559	1129
4462	1129
4104	1130
757	1131
838	1131
2364	1132
499	1132
2013	1132
1347	1133
1356	1134
1357	1134
2112	1135
1374	1135
4677	1136
223	1136
3100	1137
133	1137
1005	1137
2537	1138
3124	1139
2101	1140
3144	1141
1880	1141
3793	1141
4870	1142
4134	1142
4585	1142
1528	1143
3485	1143
68	1144
4825	1144
3448	1144
1914	1145
2320	1145
2841	1145
2570	1146
3874	1146
3830	1146
2074	1147
2822	1147
2234	1147
1527	1148
3786	1149
190	1150
3049	1150
2345	1151
2025	1151
834	1152
4239	1153
1492	1153
3184	1154
4928	1155
2717	1155
4519	1155
269	1156
3391	1157
3825	1157
3012	1158
97	1158
4645	1159
558	1160
1077	1161
718	1161
4251	1162
4537	1162
3317	1162
2285	1163
1702	1163
644	1163
186	1164
4460	1164
2807	1165
23	1165
2417	1166
3677	1167
4209	1167
2322	1168
525	1168
318	1168
2835	1169
3379	1170
3120	1170
1902	1171
2319	1171
3970	1171
4536	1172
5	1172
3562	1173
2363	1173
3974	1173
3269	1174
3535	1175
3234	1175
4802	1175
4920	1176
2473	1176
3847	1176
3028	1177
2490	1177
3430	1177
1392	1178
2839	1178
305	1178
3597	1179
3611	1179
539	1180
1857	1180
1892	1181
3086	1181
2775	1182
1499	1183
566	1184
815	1184
4947	1185
1874	1186
1466	1187
81	1187
4261	1187
3582	1188
3534	1188
1470	1188
3251	1189
3607	1189
4352	1190
310	1190
3922	1191
873	1192
956	1193
3879	1193
2316	1193
2500	1194
2472	1194
3204	1194
4800	1195
2718	1196
3779	1196
490	1197
2406	1198
1800	1198
3725	1198
2534	1199
4490	1199
1686	1199
557	1200
3472	1200
349	1201
3021	1202
2413	1203
475	1204
9	1204
353	1205
4865	1206
3848	1207
665	1208
4796	1208
1140	1208
4593	1209
832	1210
535	1211
948	1212
1652	1212
820	1212
3545	1213
657	1213
3879	1214
3651	1215
4107	1215
1376	1215
834	1216
1132	1216
3051	1216
3458	1217
4189	1217
1064	1217
4149	1218
4530	1219
772	1220
3097	1221
3045	1221
4330	1221
4601	1222
4684	1222
3214	1223
2512	1223
1983	1223
749	1224
1249	1224
4955	1224
2984	1225
2323	1225
4140	1226
3060	1226
65	1227
1172	1228
1716	1229
1121	1229
948	1230
3964	1231
1030	1231
2136	1232
1137	1232
1410	1233
2877	1234
2650	1234
1639	1234
778	1235
4109	1235
4054	1235
2058	1236
1552	1237
948	1237
1990	1238
2888	1238
3271	1238
2251	1239
4565	1240
2923	1240
2719	1241
3228	1242
3449	1243
2213	1244
1304	1244
2145	1244
2192	1245
651	1246
2743	1246
3412	1246
2184	1247
1468	1248
3025	1249
4290	1249
929	1250
1400	1250
4074	1250
4644	1251
4860	1252
605	1252
3342	1252
349	1253
2113	1253
246	1254
1299	1255
2698	1255
1408	1255
1918	1256
4776	1256
1621	1257
258	1257
4449	1257
3718	1258
3683	1259
4859	1259
2742	1259
2991	1260
958	1260
3430	1261
1524	1262
3931	1262
3154	1263
121	1264
1541	1264
4049	1264
3213	1265
1325	1265
3513	1266
3643	1267
1758	1267
517	1268
1296	1268
18	1269
2464	1269
1512	1269
1263	1270
1444	1271
3259	1271
4273	1272
3450	1272
4411	1273
3476	1273
3801	1274
982	1274
4958	1275
2581	1275
2068	1276
2333	1276
4980	1277
4209	1277
4095	1278
4208	1279
4113	1279
1662	1279
2230	1280
3331	1280
296	1281
176	1281
3395	1281
701	1282
2279	1282
208	1282
4037	1283
3195	1284
4370	1284
2864	1284
3864	1285
4291	1285
3644	1285
3890	1286
4736	1286
1515	1286
204	1287
4973	1287
2914	1287
2522	1288
546	1289
1795	1289
1354	1290
3712	1291
1054	1291
4072	1291
3606	1292
1265	1292
2067	1293
4024	1293
4300	1294
1835	1294
2955	1295
2161	1296
3226	1296
4383	1296
4875	1297
788	1297
2512	1297
4128	1298
1191	1299
2784	1300
362	1301
4011	1302
638	1303
4699	1303
414	1304
1141	1304
3821	1304
1109	1305
4613	1305
2115	1305
2477	1306
1069	1307
3833	1307
350	1308
2702	1308
824	1309
901	1310
2510	1310
2525	1310
2992	1311
1478	1311
58	1311
3891	1312
3317	1312
3314	1312
1752	1313
748	1313
3422	1313
3983	1314
3538	1314
4037	1315
3086	1315
1191	1315
1684	1316
3474	1316
1573	1317
2192	1317
587	1317
3809	1318
2972	1319
2386	1319
2814	1320
2015	1320
3777	1321
2784	1322
4073	1323
793	1324
4802	1325
4952	1325
3643	1325
2605	1326
1426	1326
716	1326
2589	1327
1336	1327
2230	1327
955	1328
921	1328
2638	1329
2684	1329
2730	1330
12	1330
2477	1331
1528	1332
1390	1332
4569	1332
3893	1333
650	1334
4289	1335
2126	1335
866	1335
3103	1336
731	1337
3203	1337
3799	1337
1153	1338
1152	1338
926	1339
980	1340
4976	1341
769	1341
670	1342
4724	1342
816	1343
1776	1343
2475	1343
1409	1344
4350	1344
2185	1345
2766	1345
1430	1346
3306	1346
2137	1346
1325	1347
701	1348
1731	1348
4260	1348
3734	1349
743	1349
4229	1350
3476	1350
3757	1351
460	1351
2860	1352
4091	1353
1893	1354
1029	1355
3557	1356
815	1356
1840	1357
991	1357
1097	1358
1632	1358
4482	1359
4067	1360
2813	1360
3941	1361
4131	1361
2211	1361
149	1362
1476	1362
1603	1363
4099	1363
902	1364
2554	1364
3602	1364
898	1365
3729	1366
4329	1367
4599	1367
4610	1367
3078	1368
3439	1368
2600	1368
2767	1369
1857	1369
2710	1369
1186	1370
4256	1370
213	1371
3947	1371
1145	1371
688	1372
153	1373
1133	1373
896	1373
2630	1374
1587	1375
513	1375
392	1376
1882	1376
1452	1376
3136	1377
4343	1377
3015	1378
3430	1378
1718	1378
324	1379
4885	1379
1826	1380
4660	1380
60	1380
88	1381
3398	1381
1647	1382
4742	1383
1059	1384
2592	1384
2298	1384
3706	1385
2803	1385
3386	1386
4023	1386
2700	1386
4230	1387
2493	1387
4376	1388
2720	1388
2747	1389
3306	1389
116	1390
1753	1390
3825	1391
2447	1391
3302	1391
1063	1392
1465	1392
1559	1393
1399	1393
1580	1394
638	1394
2217	1394
4147	1395
1341	1395
4810	1395
3972	1396
3942	1397
3555	1398
952	1399
4226	1400
736	1401
773	1402
4843	1402
1125	1402
4611	1403
2941	1404
818	1405
784	1405
4000	1406
1029	1406
4697	1407
4278	1407
4974	1408
4892	1409
3637	1410
4940	1410
2350	1410
1149	1411
782	1412
1544	1412
1067	1413
1457	1413
2176	1413
2659	1414
1385	1414
2752	1415
4474	1415
740	1416
94	1417
510	1417
2813	1418
2033	1419
2710	1419
4826	1420
1015	1420
536	1421
3946	1421
4040	1422
2432	1422
2007	1422
483	1423
2825	1423
1384	1424
735	1424
2261	1425
3753	1425
50	1425
1308	1426
1157	1426
4569	1426
2766	1427
3720	1427
553	1427
2226	1428
3835	1428
238	1429
3313	1429
3732	1430
1079	1431
2699	1432
2439	1432
1274	1433
4007	1433
3642	1433
4989	1434
1271	1435
3392	1435
2447	1436
4731	1437
641	1438
4193	1439
3709	1439
1135	1440
3441	1440
2781	1440
4600	1441
4840	1442
1380	1442
761	1443
920	1444
3918	1445
1568	1446
226	1446
3081	1446
2165	1447
2908	1447
2069	1448
3628	1448
4253	1448
314	1449
2552	1449
3651	1449
1825	1450
3881	1450
4274	1451
3240	1452
2760	1452
1756	1452
2858	1453
2405	1453
1333	1453
2302	1454
973	1455
3096	1456
1264	1456
2094	1457
1373	1457
226	1458
636	1458
3197	1459
641	1460
629	1460
4664	1461
2047	1461
4388	1461
1768	1462
3708	1463
4570	1463
4978	1464
803	1464
1388	1464
4961	1465
4983	1466
396	1466
3587	1466
1751	1467
4396	1467
4043	1468
137	1469
399	1470
4867	1470
1540	1470
4035	1471
1632	1472
4267	1472
2383	1472
4652	1473
717	1473
1231	1473
4467	1474
6	1474
2739	1475
2537	1475
4477	1475
4757	1476
99	1477
4701	1477
2900	1478
580	1478
2293	1479
2834	1479
2460	1480
1221	1481
2884	1481
314	1481
118	1482
4890	1482
3280	1482
3538	1483
3527	1484
3809	1485
2407	1485
34	1485
4693	1486
4406	1487
553	1487
112	1488
358	1488
744	1488
3222	1489
4896	1490
1435	1490
1801	1491
4489	1491
880	1491
334	1492
3320	1493
2318	1493
3115	1494
2611	1495
3440	1496
4249	1496
1646	1496
2918	1497
4881	1497
2015	1497
264	1498
3401	1498
4034	1498
390	1499
1638	1499
2771	1499
1507	1500
4652	1500
1739	1501
1638	1502
2405	1503
2702	1504
2496	1504
1478	1505
3400	1506
2258	1506
452	1506
905	1507
4660	1507
1329	1508
3112	1508
3358	1509
1054	1510
4588	1510
3625	1511
2970	1511
376	1511
4299	1512
1865	1512
1768	1512
3273	1513
3983	1513
1837	1513
640	1514
4426	1514
909	1514
1353	1515
230	1516
2614	1516
1074	1517
4327	1518
1472	1518
4476	1518
2100	1519
108	1519
1128	1520
364	1520
1770	1521
3643	1521
2212	1521
491	1522
2041	1522
2181	1523
1582	1523
2762	1523
860	1524
2196	1524
4031	1524
2407	1525
476	1525
882	1526
2942	1526
1595	1527
2789	1527
1975	1528
1540	1529
3100	1530
996	1530
4382	1530
1383	1531
2837	1531
220	1532
4371	1532
358	1533
4379	1533
3553	1533
897	1534
2080	1534
1646	1534
2462	1535
703	1535
856	1535
3458	1536
4528	1536
2891	1536
1207	1537
2352	1538
2414	1539
1425	1539
3981	1539
2024	1540
4415	1540
1970	1541
636	1541
3912	1541
2935	1542
2200	1543
2684	1543
1150	1544
2877	1545
4150	1545
513	1546
3285	1547
3949	1547
4994	1548
2552	1548
1154	1549
2321	1549
3364	1550
543	1551
3797	1551
4861	1551
558	1552
3226	1553
2391	1554
878	1555
3484	1555
4779	1555
4433	1556
255	1556
401	1557
3311	1557
3378	1557
3012	1558
1862	1558
2010	1558
887	1559
4385	1560
1191	1561
2424	1561
2935	1561
4184	1562
2016	1562
1221	1563
4900	1563
1531	1564
2798	1564
1485	1564
178	1565
2742	1565
1227	1565
4205	1566
4967	1567
2030	1567
4603	1568
3911	1569
4042	1570
2346	1570
2745	1570
742	1571
1710	1571
338	1571
3309	1572
2121	1572
4196	1572
2785	1573
1800	1573
4819	1573
2132	1574
543	1574
1042	1575
313	1575
793	1576
3598	1576
2302	1576
2082	1577
3634	1577
2812	1578
2632	1579
1986	1579
2890	1579
2965	1580
2936	1580
3073	1580
142	1581
4759	1582
4410	1582
3280	1583
4938	1583
4465	1584
2574	1585
3555	1586
759	1587
415	1588
4557	1589
2390	1589
1613	1589
2961	1590
1985	1590
4630	1590
1826	1591
3546	1592
2600	1592
2348	1592
532	1593
2253	1594
3125	1594
1314	1595
3710	1596
89	1596
1293	1596
1365	1597
406	1598
752	1598
3029	1598
1838	1599
4066	1600
2556	1601
4635	1601
4394	1602
2568	1602
4072	1603
4143	1603
409	1603
1064	1604
1744	1605
1901	1605
804	1605
864	1606
4919	1607
749	1608
4833	1608
3552	1608
3685	1609
3239	1609
4293	1610
2611	1611
4277	1611
1726	1611
2453	1612
2407	1613
3292	1613
4872	1613
411	1614
3752	1614
4674	1614
2026	1615
3216	1615
2161	1615
2519	1616
991	1616
2572	1616
2094	1617
4208	1617
2188	1617
3659	1618
845	1618
2548	1619
2643	1619
624	1619
3569	1620
2792	1620
55	1620
2695	1621
863	1622
4564	1622
1608	1622
41	1623
149	1623
148	1623
3789	1624
902	1624
163	1625
4093	1625
1937	1625
4216	1626
2468	1626
1644	1627
3288	1627
3660	1628
3905	1628
2513	1628
122	1629
4720	1629
4923	1630
2411	1630
874	1630
746	1631
1258	1631
3738	1632
2148	1632
2280	1633
1814	1633
1499	1634
4515	1634
3721	1634
2122	1635
3897	1635
680	1636
1412	1637
4528	1637
427	1637
2950	1638
2723	1638
467	1639
3144	1639
2795	1640
1425	1640
2332	1640
363	1641
4428	1641
2480	1642
2615	1642
2212	1642
2620	1643
615	1643
2859	1643
3676	1644
1423	1645
2940	1645
2413	1645
2166	1646
4023	1646
14	1646
1292	1647
1998	1647
1911	1648
929	1648
390	1649
3113	1649
3646	1649
4904	1650
300	1650
208	1651
103	1651
2048	1652
1738	1652
1442	1653
3811	1653
841	1653
3278	1654
4603	1654
456	1654
857	1655
1123	1655
85	1656
3466	1657
4297	1657
4759	1658
2333	1658
558	1658
3945	1659
4787	1659
2174	1660
2739	1660
387	1661
4259	1662
1950	1662
3622	1662
146	1663
3134	1663
2610	1663
4295	1664
935	1665
1997	1666
246	1666
4414	1666
1226	1667
1974	1667
4034	1668
4429	1668
4045	1668
1472	1669
3659	1669
1408	1670
314	1670
2420	1671
2798	1671
2245	1672
1876	1672
3203	1672
485	1673
821	1674
1112	1674
4903	1674
4618	1675
1351	1675
340	1676
1332	1677
4746	1677
1269	1677
1143	1678
4487	1679
3337	1680
153	1681
3024	1681
2820	1682
4616	1682
1943	1683
81	1684
3011	1684
3009	1684
706	1685
4707	1685
3038	1686
2992	1686
530	1686
1537	1687
2956	1687
2066	1688
1231	1688
1743	1688
1519	1689
4917	1689
1105	1689
913	1690
2610	1690
4766	1690
4584	1691
786	1691
1355	1691
2092	1692
3833	1692
3658	1693
1514	1693
3429	1694
2952	1694
2598	1695
2125	1696
2753	1697
662	1698
3065	1698
2196	1699
2882	1699
3391	1700
1636	1701
4769	1702
4870	1703
3497	1703
4805	1704
2000	1704
12	1704
1118	1705
252	1705
3351	1706
4649	1706
427	1707
2370	1708
1632	1708
25	1709
1878	1709
3973	1710
4044	1710
3483	1711
3303	1711
3318	1711
2539	1712
1370	1713
998	1714
4128	1714
3680	1715
1303	1715
4712	1715
1866	1716
1030	1716
145	1717
3748	1717
3931	1718
2851	1718
1794	1719
2558	1719
4649	1719
4023	1720
1125	1721
2222	1721
1695	1721
127	1722
2350	1722
3535	1723
1856	1723
54	1723
4989	1724
1090	1725
2076	1725
4728	1726
4536	1726
1634	1726
3196	1727
3935	1728
2958	1728
3847	1728
1106	1729
252	1729
4909	1729
3469	1730
2826	1730
1167	1731
2376	1731
2132	1732
3253	1732
4903	1733
1975	1733
3784	1733
1497	1734
3735	1735
309	1735
3359	1736
1658	1736
4314	1736
3484	1737
849	1737
2214	1738
1335	1738
1714	1739
1068	1740
1342	1740
1713	1741
4726	1741
1304	1742
491	1742
858	1742
2067	1743
2347	1744
2322	1744
1521	1744
2285	1745
3040	1746
883	1746
3388	1746
2738	1747
4880	1747
4297	1748
2135	1748
882	1748
4566	1749
463	1749
243	1749
3474	1750
4975	1750
2601	1751
4811	1751
977	1752
3455	1753
685	1753
2048	1754
4468	1754
2816	1754
1230	1755
330	1755
75	1755
3165	1756
230	1757
3052	1757
4229	1758
4853	1758
3268	1759
4416	1759
910	1759
4536	1760
1730	1761
4546	1762
3296	1762
336	1763
267	1764
2903	1765
1702	1765
3372	1765
949	1766
3371	1766
1697	1766
741	1767
844	1767
1125	1768
2239	1768
1930	1768
1402	1769
1764	1769
3151	1769
1630	1770
1665	1770
4278	1771
3429	1772
1762	1772
833	1773
2973	1773
2727	1773
4172	1774
1912	1774
4745	1775
1737	1775
419	1776
4638	1776
886	1776
3540	1777
831	1777
818	1778
2708	1779
938	1779
2318	1780
801	1780
1970	1780
4673	1781
531	1781
3207	1782
1222	1783
2659	1783
1068	1784
1129	1785
4671	1786
3831	1787
4481	1788
4520	1788
3475	1789
1781	1790
797	1791
2723	1791
1430	1791
2419	1792
835	1792
3679	1792
1653	1793
3899	1793
3923	1794
1561	1794
1308	1795
4937	1795
4669	1796
2873	1797
3522	1797
3199	1798
1369	1798
4887	1799
4015	1800
900	1800
1920	1800
2828	1801
4635	1801
2265	1801
2503	1802
1734	1803
3239	1803
2370	1804
2579	1805
200	1805
2951	1805
3493	1806
207	1807
4687	1807
4492	1807
395	1808
3334	1809
2463	1810
3711	1810
2716	1810
215	1811
4553	1811
3129	1811
3446	1812
357	1813
2777	1813
511	1814
970	1815
114	1815
4307	1816
804	1816
4692	1816
281	1817
1738	1817
4850	1817
3374	1818
2290	1818
825	1818
1480	1819
1273	1820
1958	1821
1895	1821
3957	1821
2129	1822
3277	1822
1672	1822
4276	1823
3997	1824
615	1824
1871	1824
3226	1825
3753	1826
543	1826
2017	1826
970	1827
3555	1828
4021	1829
3443	1829
2099	1829
1572	1830
4500	1830
302	1830
3198	1831
1271	1831
4040	1831
4692	1832
1137	1832
395	1832
3164	1833
4775	1833
3736	1834
4885	1834
3447	1835
2720	1835
4366	1835
525	1836
4380	1837
4108	1837
2785	1838
2488	1839
1965	1839
4188	1839
2231	1840
2392	1840
2640	1841
2621	1841
782	1842
2451	1843
1598	1843
1986	1844
4373	1845
1342	1845
1743	1846
3427	1846
2005	1847
2249	1847
2986	1848
3215	1848
542	1848
3903	1849
3604	1849
792	1849
987	1850
2184	1851
2170	1851
70	1851
3219	1852
1629	1852
4946	1853
495	1854
3486	1855
2729	1855
3111	1856
332	1856
3878	1857
4690	1857
116	1858
706	1858
290	1858
4581	1859
1345	1860
2721	1861
3483	1861
1144	1861
2391	1862
3985	1862
2021	1862
611	1863
2206	1863
1204	1863
1585	1864
2018	1864
1101	1864
227	1865
2262	1866
2470	1866
4309	1867
166	1867
3121	1867
1375	1868
315	1868
75	1869
3272	1870
2902	1870
750	1870
213	1871
3786	1871
4170	1872
1901	1872
2120	1872
484	1873
3546	1873
4001	1874
1357	1874
901	1875
4224	1876
775	1876
4289	1876
4580	1877
2635	1878
2271	1878
4893	1879
2610	1880
2285	1881
709	1881
4923	1881
1519	1882
880	1882
3760	1882
3916	1883
2049	1884
3563	1884
304	1885
4316	1886
1444	1886
1314	1886
1628	1887
2463	1887
4357	1888
4740	1888
419	1888
1884	1889
4688	1890
3027	1891
2111	1891
3725	1891
2311	1892
2285	1892
4297	1892
3067	1893
1070	1893
3612	1894
930	1895
797	1895
1257	1895
2768	1896
1776	1897
4415	1897
2883	1898
2899	1898
4158	1899
89	1899
517	1900
3444	1900
910	1900
3444	1901
3763	1901
606	1901
816	1902
3732	1902
1201	1902
1512	1903
3345	1903
278	1904
2819	1904
3487	1904
2315	1905
1155	1905
4641	1906
4473	1907
2568	1907
1544	1908
4589	1908
361	1908
3641	1909
4153	1910
3345	1910
1117	1910
4422	1911
279	1911
1612	1911
4553	1912
1687	1912
451	1913
4206	1913
2330	1914
3146	1914
301	1915
2461	1916
3671	1917
26	1918
345	1918
3574	1919
4509	1919
84	1920
1364	1920
845	1920
3432	1921
1888	1921
3289	1922
4099	1922
4631	1923
1271	1923
747	1924
2683	1924
1761	1924
343	1925
3222	1925
3077	1925
2698	1926
1599	1926
1937	1927
4653	1927
4800	1927
298	1928
4024	1928
2022	1928
2301	1929
1508	1930
1896	1931
357	1931
1898	1932
3255	1933
3463	1933
226	1934
1192	1934
2360	1934
2527	1935
364	1935
4647	1935
2441	1936
3131	1937
924	1937
2856	1938
731	1938
3750	1938
1833	1939
4765	1939
828	1940
3777	1941
1563	1941
2369	1942
811	1942
557	1943
4937	1944
3564	1944
1643	1944
1674	1945
4003	1945
3320	1946
4253	1946
3872	1946
1264	1947
4299	1948
605	1949
3381	1949
2622	1950
1467	1950
656	1950
2787	1951
3730	1951
1580	1951
4008	1952
3439	1952
417	1952
2051	1953
4409	1954
2411	1954
3569	1955
4833	1955
15	1955
4039	1956
563	1956
3864	1956
3824	1957
4540	1957
3930	1958
572	1958
2524	1959
1724	1959
3428	1959
2881	1960
3624	1960
1185	1961
3946	1961
2958	1961
2106	1962
4631	1963
1713	1963
4808	1963
4305	1964
664	1965
1451	1965
34	1966
4576	1966
4787	1966
4406	1967
3734	1967
4549	1967
2276	1968
1485	1968
3561	1969
2472	1970
3581	1970
268	1971
2037	1972
750	1973
382	1973
3848	1974
4890	1974
958	1975
149	1976
1423	1976
4963	1977
386	1977
155	1978
1192	1979
3585	1979
1777	1980
1793	1981
146	1982
503	1982
3678	1982
2718	1983
1241	1983
588	1984
505	1984
4882	1984
460	1985
1870	1986
3289	1986
2163	1986
4049	1987
822	1988
4551	1988
655	1989
2608	1990
4279	1990
1643	1991
4375	1991
1731	1991
4217	1992
2448	1992
4289	1992
1293	1993
2897	1994
829	1995
3395	1996
3468	1996
2082	1997
4340	1997
1253	1997
3046	1998
987	1999
1526	1999
3346	2000
254	2001
4632	2001
2227	2001
4691	2002
2583	2002
1932	2002
452	2003
178	2004
2683	2005
748	2006
2096	2007
3822	2007
873	2008
1915	2009
2169	2009
4841	2010
4919	2010
906	2011
1105	2011
4459	2011
3033	2012
2189	2013
2995	2013
513	2014
2386	2015
2968	2015
58	2016
1129	2016
2748	2017
1806	2017
620	2018
2844	2019
4373	2019
597	2020
1325	2020
1441	2020
1911	2021
4532	2021
727	2021
4102	2022
3104	2022
2927	2023
3783	2024
4626	2025
1653	2025
3826	2025
834	2026
3626	2026
1610	2026
4979	2027
2565	2027
4933	2028
201	2028
874	2029
2585	2029
3458	2030
3063	2030
1087	2031
3073	2032
3176	2032
4581	2033
2311	2033
1551	2033
560	2034
1699	2035
1500	2035
398	2036
3094	2037
516	2037
4956	2038
380	2039
2988	2039
1251	2039
2930	2040
3401	2041
2782	2041
2368	2042
2639	2042
1400	2043
3699	2043
1130	2044
3800	2044
1143	2044
4427	2045
2886	2045
998	2046
245	2046
1186	2047
2927	2047
2666	2047
1666	2048
1001	2048
2371	2048
396	2049
768	2049
3587	2050
4510	2050
1887	2050
3727	2051
537	2052
1944	2052
1677	2053
4901	2054
2917	2055
59	2056
2433	2056
2292	2057
78	2057
2777	2057
486	2058
2822	2058
1349	2058
641	2059
3551	2059
1190	2060
3732	2060
3897	2060
2573	2061
110	2061
3069	2061
674	2062
3982	2063
56	2063
4312	2064
891	2065
815	2066
3356	2066
3904	2067
4646	2068
2489	2068
4690	2068
45	2069
4352	2069
4695	2070
1360	2071
1453	2072
3785	2072
1460	2072
1565	2073
90	2073
371	2074
4170	2074
3855	2074
3181	2075
2195	2075
3719	2076
2769	2076
4995	2076
814	2077
1393	2077
4713	2077
332	2078
3666	2078
3975	2078
2189	2079
3477	2079
382	2080
2681	2081
3980	2082
1928	2082
4813	2083
189	2083
4382	2083
1635	2084
4643	2084
2742	2084
1279	2085
4370	2086
4399	2086
1488	2087
3579	2087
867	2087
2099	2088
3142	2088
1777	2088
3027	2089
1222	2090
3368	2090
4012	2091
855	2091
2164	2091
2927	2092
3006	2092
2913	2093
3370	2093
2139	2094
57	2094
1706	2094
3006	2095
1759	2095
2594	2096
3073	2097
1666	2098
4804	2098
2034	2099
3435	2099
950	2100
138	2100
2440	2101
1753	2102
701	2103
1679	2103
1928	2104
3559	2105
2665	2105
2401	2105
1969	2106
4266	2107
4047	2107
57	2107
3980	2108
543	2109
24	2109
2520	2109
2192	2110
1618	2110
4449	2111
1149	2111
2791	2111
1113	2112
1515	2112
3304	2113
2423	2113
3694	2114
3946	2114
1453	2115
4871	2115
1714	2116
2163	2116
3582	2117
4018	2117
2807	2118
2809	2119
401	2119
4050	2120
2989	2120
3594	2121
551	2121
765	2121
4381	2122
2320	2122
2421	2122
3574	2123
2796	2123
3728	2123
2838	2124
3661	2125
3378	2125
4476	2125
3262	2126
2878	2127
53	2127
2902	2127
4848	2128
4128	2129
3487	2129
482	2130
4217	2131
4394	2131
4956	2132
1781	2133
940	2133
4140	2133
966	2134
4499	2134
2149	2135
2783	2136
418	2136
1223	2137
4164	2137
148	2138
4897	2138
4960	2138
3330	2139
2050	2139
3949	2139
4361	2140
1827	2140
1328	2141
2019	2141
4019	2142
1988	2143
1997	2143
2218	2143
1543	2144
4681	2144
2670	2145
1221	2145
514	2145
1586	2146
1683	2146
4944	2147
1708	2147
3123	2147
3982	2148
2469	2149
651	2149
782	2149
2520	2150
1789	2150
237	2150
2861	2151
3687	2152
2554	2153
4033	2153
2256	2154
1822	2154
4582	2155
3044	2155
4350	2155
894	2156
2658	2156
3217	2156
968	2157
4383	2157
3891	2158
4803	2159
3151	2159
4315	2159
2184	2160
4373	2160
1119	2161
1256	2162
2109	2163
1800	2164
4141	2165
2915	2165
3191	2165
2855	2166
865	2166
4121	2166
4798	2167
3850	2167
204	2167
4448	2168
169	2169
3376	2169
3483	2170
4826	2170
4525	2170
1999	2171
862	2171
657	2171
3400	2172
4357	2172
1756	2173
4041	2173
1413	2174
4781	2174
2349	2175
4267	2175
4431	2175
2983	2176
802	2176
15	2177
2789	2177
2845	2177
1237	2178
4359	2178
419	2179
513	2179
1482	2180
4045	2180
2469	2181
4179	2181
1247	2181
4853	2182
1973	2183
1324	2184
3770	2184
311	2184
4235	2185
2750	2186
3502	2186
1856	2187
922	2187
3977	2188
4946	2188
4205	2189
729	2189
4694	2189
4858	2190
3831	2190
2487	2190
2794	2191
3926	2192
970	2192
4593	2192
2449	2193
841	2193
3043	2193
4799	2194
2544	2195
1492	2196
2786	2196
3912	2196
3104	2197
4407	2198
111	2198
2774	2199
4647	2199
1673	2200
3745	2200
4636	2201
4712	2201
3526	2202
3511	2202
1560	2203
1307	2203
416	2204
1572	2204
4058	2205
1306	2206
1338	2207
1735	2208
918	2208
994	2208
1548	2209
4328	2209
1320	2210
1315	2211
975	2211
2747	2212
4204	2212
3744	2213
911	2214
1631	2215
862	2216
852	2216
4603	2216
699	2217
649	2217
77	2217
2084	2218
4756	2219
4298	2219
2532	2220
2405	2221
4672	2221
4624	2221
1825	2222
2638	2222
2278	2222
4057	2223
2697	2224
1636	2225
1954	2225
1038	2225
3225	2226
3886	2226
3106	2226
4826	2227
4990	2228
2306	2229
389	2230
277	2231
1226	2231
2503	2232
1583	2233
4724	2234
3101	2235
3581	2235
3876	2236
1696	2236
2247	2236
612	2237
2895	2237
4027	2237
2714	2238
143	2238
263	2239
942	2239
4855	2239
3854	2240
3601	2240
1601	2240
3666	2241
4126	2241
61	2241
2013	2242
339	2242
2590	2243
4148	2244
2265	2244
271	2244
3004	2245
1703	2245
1546	2246
144	2247
862	2247
724	2248
2902	2249
869	2250
4384	2250
3207	2250
1634	2251
1530	2251
3699	2252
3756	2252
4816	2253
4110	2254
1488	2255
1018	2255
2795	2255
1508	2256
596	2256
2125	2256
3548	2257
2487	2257
1694	2257
889	2258
1993	2259
1725	2259
2537	2259
395	2260
876	2260
4457	2261
2155	2262
1103	2262
912	2263
4137	2264
1819	2265
3708	2266
4071	2267
4060	2268
841	2268
2969	2268
4461	2269
1454	2269
3357	2270
4678	2271
4993	2271
1047	2271
1075	2272
3196	2272
3018	2272
4346	2273
4460	2273
1626	2273
1672	2274
2937	2274
1854	2274
4093	2275
408	2275
3387	2275
3801	2276
344	2276
4429	2276
1649	2277
2582	2277
233	2278
4019	2279
599	2279
4997	2280
3296	2280
2517	2280
4400	2281
1461	2281
1845	2281
137	2282
3894	2282
944	2282
1687	2283
3655	2283
2376	2283
2495	2284
2378	2284
58	2284
2875	2285
2213	2285
747	2285
4865	2286
3836	2287
1223	2288
448	2289
2547	2290
605	2290
656	2291
4817	2292
282	2293
2563	2293
2733	2293
4983	2294
3796	2294
195	2294
4979	2295
3993	2295
3310	2295
212	2296
1954	2296
2870	2297
2632	2297
3437	2298
3236	2299
239	2300
4957	2301
4455	2301
2448	2302
4883	2303
3292	2304
2030	2305
156	2305
1456	2306
3707	2307
4876	2307
1220	2307
2689	2308
3205	2309
4110	2309
638	2310
4201	2310
3903	2310
2195	2311
274	2312
2996	2312
2439	2313
4631	2313
2090	2313
2515	2314
4297	2315
2394	2315
3095	2316
3974	2316
630	2317
1614	2318
1439	2318
1710	2319
2246	2319
3043	2319
4294	2320
3624	2320
3612	2320
3359	2321
1723	2321
4439	2321
2802	2322
775	2322
1777	2323
3912	2323
2538	2323
862	2324
181	2324
258	2324
1916	2325
3462	2326
2627	2326
4116	2326
745	2327
2421	2328
4059	2328
488	2329
2535	2329
4504	2330
3875	2330
3039	2330
3883	2331
1042	2331
4420	2331
405	2332
4641	2333
1969	2333
4855	2334
283	2335
898	2336
3162	2336
3410	2337
2830	2337
4845	2338
3743	2339
1055	2339
1295	2340
1892	2340
3061	2341
3718	2342
930	2342
2697	2343
2126	2343
4894	2343
2436	2344
1600	2345
2395	2346
2141	2346
1948	2346
3758	2347
4355	2348
2629	2349
1476	2349
4123	2350
853	2350
1666	2351
2973	2352
1467	2353
3055	2353
2725	2353
2539	2354
4210	2355
3100	2356
2370	2357
3173	2357
690	2358
472	2358
4797	2359
1865	2360
6	2361
4418	2361
1044	2361
2360	2362
1412	2362
1314	2362
3984	2363
307	2363
4070	2363
2549	2364
4543	2364
1954	2364
2929	2365
981	2365
1721	2365
1257	2366
2291	2367
3907	2368
2507	2368
3660	2368
1578	2369
2811	2369
1106	2370
3917	2371
1338	2371
1823	2372
3526	2372
3188	2372
1785	2373
2852	2373
2514	2374
3787	2374
1084	2374
3542	2375
3086	2375
3677	2375
1728	2376
417	2376
4662	2377
4276	2377
411	2378
3945	2378
4723	2378
3379	2379
4893	2380
1426	2380
227	2380
4890	2381
1441	2382
564	2382
2234	2383
183	2384
2451	2384
840	2385
3106	2385
2709	2386
1684	2386
2037	2387
1345	2387
4936	2387
3151	2388
2572	2388
4381	2389
1212	2389
798	2390
2313	2390
3707	2390
949	2391
1118	2391
2487	2391
2034	2392
4098	2392
2793	2392
3361	2393
4690	2393
2747	2393
2975	2394
119	2395
916	2395
1117	2396
2096	2397
2265	2397
1041	2397
1326	2398
2794	2399
4106	2399
1923	2400
372	2401
4214	2401
1596	2401
4003	2402
3054	2402
1426	2402
3840	2403
4059	2403
3665	2404
3148	2405
2474	2405
1860	2405
4227	2406
3790	2407
3397	2407
2231	2407
704	2408
799	2408
1855	2409
4369	2410
1473	2410
3765	2411
4311	2412
3938	2413
1060	2413
212	2413
1529	2414
4917	2415
2789	2416
3941	2417
2536	2417
4628	2418
2751	2418
699	2419
2478	2419
3317	2420
605	2420
4014	2420
2606	2421
4825	2421
2871	2421
771	2422
985	2422
130	2423
1256	2423
4364	2423
3005	2424
1982	2424
200	2424
4585	2425
2516	2426
3146	2427
2383	2427
3909	2428
486	2428
2237	2429
2704	2430
3389	2430
2674	2430
673	2431
320	2432
4667	2433
1102	2433
429	2434
2475	2434
4843	2434
4921	2435
1826	2435
4226	2436
2640	2436
4528	2436
1695	2437
3667	2438
1272	2439
661	2439
3076	2440
2686	2440
2697	2441
2400	2441
3558	2441
1596	2442
142	2442
3470	2443
1186	2443
2578	2443
1080	2444
4332	2445
3960	2446
4792	2447
379	2447
3614	2448
4417	2448
4110	2449
701	2450
4991	2450
1947	2451
3746	2451
3413	2451
2680	2452
4559	2452
1839	2452
171	2453
3288	2454
1183	2454
1880	2455
3399	2456
4877	2456
4120	2456
1195	2457
412	2458
1977	2458
797	2458
33	2459
1952	2459
4790	2459
520	2460
338	2461
1572	2461
2029	2461
1779	2462
3333	2463
4323	2463
671	2464
3024	2464
721	2465
2578	2465
3180	2465
4184	2466
426	2467
612	2467
2408	2468
295	2469
1390	2469
3058	2470
2330	2471
1405	2471
3489	2472
1552	2472
1997	2473
765	2473
1004	2473
1302	2474
4079	2474
4229	2475
3717	2475
4417	2475
4300	2476
1460	2476
1	2476
768	2477
142	2477
3939	2477
1695	2478
4675	2479
417	2479
4131	2480
2093	2481
1052	2481
2128	2481
3486	2482
971	2482
3214	2483
34	2483
2333	2483
2454	2484
3404	2484
4981	2484
4053	2485
2515	2485
140	2486
1046	2487
1001	2487
266	2488
1721	2488
2049	2488
980	2489
4250	2490
1828	2490
1561	2490
2419	2491
3548	2491
2414	2491
3917	2492
4689	2492
1750	2493
1669	2493
36	2494
1769	2494
2999	2494
1360	2495
2519	2495
1780	2495
4566	2496
3348	2497
4430	2497
1745	2498
1057	2498
716	2499
1062	2499
2710	2500
1060	2501
546	2502
4349	2502
900	2502
384	2503
1203	2504
2499	2505
249	2505
839	2506
1561	2506
4986	2507
4171	2507
4607	2507
1911	2508
65	2509
3584	2510
2164	2510
2381	2510
4937	2511
1484	2511
4182	2511
3222	2512
2583	2512
862	2512
977	2513
1187	2514
3881	2514
1276	2514
4932	2515
2432	2516
972	2517
2112	2518
3685	2518
1822	2519
2209	2519
4955	2520
4555	2520
3576	2520
2478	2521
3638	2521
4873	2522
3436	2523
867	2523
3425	2523
1643	2524
999	2524
2981	2525
4610	2525
1985	2525
162	2526
4099	2526
560	2526
3334	2527
1645	2528
1679	2528
3568	2529
892	2529
4025	2530
2508	2531
2238	2531
4982	2532
2280	2532
4746	2533
1264	2533
1024	2534
136	2534
563	2534
345	2535
4978	2536
2982	2536
3829	2537
3571	2537
1660	2537
497	2538
2925	2538
4124	2539
3143	2539
3752	2539
4917	2540
3297	2540
4671	2540
4926	2541
4822	2541
1423	2542
1403	2543
4527	2543
4416	2544
3315	2544
2109	2544
4711	2545
2547	2546
2487	2547
3558	2547
22	2548
4077	2548
1676	2548
2327	2549
1663	2549
108	2549
4219	2550
2519	2550
798	2550
2967	2551
3131	2551
4983	2552
3134	2552
2560	2553
480	2554
4125	2555
3417	2556
903	2556
3396	2556
1799	2557
2786	2557
2849	2558
3026	2558
2560	2559
688	2560
2085	2560
2246	2561
2307	2561
3380	2562
3245	2563
1808	2563
4988	2563
1883	2564
3669	2565
1059	2565
1134	2566
2261	2566
77	2567
2963	2568
955	2569
3696	2569
487	2570
2240	2570
1257	2570
1772	2571
1867	2571
750	2572
871	2572
4018	2573
3835	2573
3445	2574
2977	2574
4450	2575
1519	2575
745	2575
1031	2576
2229	2577
703	2577
4849	2578
2373	2578
4274	2578
3874	2579
2014	2580
3062	2580
2219	2581
2697	2581
2123	2582
805	2583
3167	2584
3279	2584
3808	2585
780	2585
567	2586
4576	2586
1994	2586
3748	2587
4767	2588
2177	2589
294	2589
62	2590
3014	2591
3639	2591
2340	2591
4633	2592
2548	2592
2695	2592
121	2593
2430	2594
1339	2594
214	2594
3633	2595
985	2595
3873	2596
674	2596
3809	2597
3578	2598
1844	2598
2257	2598
4847	2599
3656	2600
705	2600
2895	2601
3392	2601
4425	2601
4066	2602
3875	2602
2566	2603
4650	2603
680	2604
940	2604
622	2605
3478	2606
559	2607
4838	2607
185	2608
4433	2608
1160	2609
3368	2610
4596	2610
2711	2610
2748	2611
1993	2612
3211	2613
1387	2613
2994	2614
3732	2615
1247	2616
306	2617
938	2617
2555	2618
2247	2618
4794	2619
1698	2620
3217	2620
3868	2620
4562	2621
162	2621
2207	2621
3276	2622
4665	2622
918	2622
3028	2623
4421	2623
3128	2624
2364	2624
2419	2624
3678	2625
1846	2626
2370	2626
3882	2626
1953	2627
898	2628
2746	2629
1170	2630
2445	2630
843	2631
2524	2632
2517	2633
1148	2633
2083	2634
2962	2634
3429	2635
3455	2635
4233	2636
2552	2636
4729	2636
3579	2637
1951	2637
1468	2638
3724	2638
2348	2638
798	2639
1491	2640
1058	2640
2057	2640
2269	2641
869	2641
913	2642
35	2642
536	2643
2604	2644
4341	2644
368	2644
4936	2645
3982	2645
984	2646
1396	2646
1597	2647
1898	2647
2570	2648
1473	2648
306	2648
9	2649
776	2650
406	2651
4056	2651
749	2651
1609	2652
4132	2652
3494	2653
1309	2653
4116	2654
4550	2655
4764	2655
1360	2655
3151	2656
1650	2656
4342	2657
3500	2658
4659	2658
4037	2658
3334	2659
4220	2660
4160	2660
629	2660
4704	2661
2589	2662
1312	2663
3370	2663
2954	2663
3460	2664
3417	2664
2378	2664
3318	2665
4793	2666
3415	2666
1839	2667
3772	2667
702	2667
4852	2668
4312	2669
292	2669
2758	2670
2656	2670
4705	2671
2315	2671
4343	2672
584	2672
500	2672
2421	2673
2237	2674
1995	2675
717	2675
776	2675
1556	2676
278	2676
2485	2676
2098	2677
691	2677
4982	2678
267	2678
154	2678
1062	2679
1915	2679
689	2679
1073	2680
4854	2680
4986	2681
2877	2681
626	2681
1875	2682
4640	2683
744	2683
1827	2684
4167	2684
3792	2684
3750	2685
3068	2686
2047	2686
1140	2686
2503	2687
4129	2688
483	2688
1780	2689
3537	2689
4813	2690
1031	2690
320	2691
4588	2691
4124	2692
4381	2693
2997	2694
253	2694
1077	2694
4298	2695
1806	2696
1348	2697
3181	2697
3044	2697
586	2698
1630	2699
1178	2699
1905	2700
3855	2700
3363	2700
2891	2701
1290	2701
2260	2702
2432	2702
3252	2702
1954	2703
1994	2703
1630	2704
3384	2704
1120	2704
2308	2705
1689	2705
341	2706
2788	2707
4953	2707
284	2708
2377	2708
1536	2708
1105	2709
371	2709
1357	2710
4600	2710
1712	2710
3774	2711
3471	2711
4333	2712
1482	2713
3951	2714
4297	2714
1179	2714
169	2715
4901	2715
327	2715
1087	2716
508	2716
4663	2717
1728	2718
3911	2718
3303	2719
4429	2720
1016	2720
2134	2720
414	2721
2578	2721
444	2722
3972	2722
1112	2723
2889	2724
3738	2724
2680	2724
496	2725
685	2725
1619	2725
7	2726
676	2726
3390	2726
1698	2727
945	2727
1920	2728
2737	2728
4547	2729
3212	2729
1575	2730
1890	2730
3206	2730
3969	2731
140	2732
3591	2732
14	2733
1857	2734
4988	2735
4228	2735
750	2736
4899	2737
3219	2737
1422	2738
233	2738
637	2739
4055	2740
779	2741
590	2741
1679	2741
2631	2742
2247	2742
4972	2743
4102	2744
4792	2744
3903	2744
4460	2745
2673	2745
800	2745
2790	2746
2125	2746
160	2746
491	2747
275	2747
2856	2748
44	2748
4636	2749
2874	2749
2000	2750
1519	2751
4164	2751
4883	2751
1351	2752
2254	2752
3592	2752
1126	2753
1771	2753
1530	2754
1013	2754
1818	2755
1143	2755
683	2755
3680	2756
3853	2756
72	2757
1178	2757
2872	2758
2020	2759
355	2759
152	2759
1535	2760
4704	2760
3591	2761
2936	2762
4759	2762
3077	2763
2646	2764
3289	2764
3081	2765
2885	2765
1582	2766
4311	2766
4007	2767
1611	2767
360	2768
2921	2769
1281	2769
4768	2770
3883	2770
2489	2770
2014	2771
200	2771
4509	2772
1419	2773
3324	2773
2161	2774
154	2774
2843	2775
893	2775
4619	2775
2815	2776
4249	2776
2679	2777
4923	2777
1826	2777
4154	2778
1946	2778
2076	2778
4200	2779
2579	2780
4266	2781
1708	2781
2166	2781
2003	2782
3207	2782
4433	2783
3102	2783
2707	2784
3569	2784
2397	2785
1912	2785
4389	2786
866	2786
2283	2786
2798	2787
1209	2788
4414	2788
4470	2789
682	2789
1742	2790
1337	2790
2199	2791
4501	2792
130	2792
4159	2793
4	2793
2946	2794
836	2795
4896	2795
3172	2796
1891	2797
2166	2797
417	2797
4928	2798
4415	2799
4641	2799
2199	2800
2619	2800
252	2800
4982	2801
14	2801
4731	2801
1968	2802
3773	2802
3967	2803
2391	2803
1038	2803
222	2804
1783	2804
3462	2805
528	2806
760	2806
2546	2806
2767	2807
1085	2808
3516	2808
942	2808
1739	2809
1427	2810
1642	2811
3017	2812
641	2812
4304	2812
2247	2813
1601	2814
4098	2814
1579	2814
646	2815
1729	2815
3928	2816
1949	2816
579	2816
2832	2817
11	2817
4814	2817
1410	2818
1725	2818
4375	2819
3832	2820
4314	2820
2829	2820
1855	2821
3293	2821
1141	2821
3007	2822
4162	2822
1312	2822
610	2823
1704	2823
2969	2824
3865	2824
4878	2825
3417	2825
2087	2825
29	2826
4008	2827
2163	2827
331	2827
4921	2828
263	2829
2821	2829
4586	2829
3575	2830
4682	2830
3986	2831
1011	2831
1651	2831
404	2832
3030	2832
3188	2832
2821	2833
4320	2833
2779	2834
1149	2834
2693	2834
993	2835
2923	2836
748	2836
2215	2836
3271	2837
852	2837
4788	2838
1159	2838
4140	2839
2317	2839
2929	2840
1329	2840
463	2841
908	2841
1588	2841
759	2842
2575	2842
2086	2843
1378	2844
3506	2844
1667	2845
4534	2845
4275	2845
3725	2846
1532	2846
3970	2846
1070	2847
3876	2847
3943	2847
2947	2848
4994	2848
4115	2848
271	2849
1721	2849
1346	2849
2575	2850
4077	2851
3252	2851
4297	2852
3303	2852
293	2852
2603	2853
1176	2853
1308	2853
1335	2854
4773	2854
3781	2855
4864	2856
2877	2857
1835	2857
4407	2857
4994	2858
3311	2858
2624	2858
4752	2859
4974	2860
3641	2860
4314	2860
3259	2861
2395	2862
2720	2862
4609	2863
2613	2863
3734	2864
870	2864
4075	2865
3618	2866
1445	2866
1415	2867
920	2868
2852	2868
1050	2868
4224	2869
1493	2869
4791	2869
4562	2870
3625	2870
1819	2870
4560	2871
3848	2872
1473	2872
4336	2873
2386	2874
4099	2874
174	2875
2265	2876
3495	2876
2056	2877
346	2878
4476	2878
3947	2879
4749	2879
2756	2880
3898	2880
3466	2880
2257	2881
312	2881
589	2881
1869	2882
1768	2883
2590	2884
4401	2884
4450	2885
1868	2886
1993	2886
723	2887
187	2887
2999	2887
1475	2888
3294	2889
3888	2889
1187	2890
2984	2891
4881	2891
1010	2891
1192	2892
3137	2892
3440	2893
3992	2893
3844	2893
4651	2894
1389	2894
2816	2895
1407	2896
4718	2896
3131	2897
2732	2897
4446	2898
3338	2898
3630	2899
2489	2900
1601	2901
205	2901
4274	2902
3597	2902
1812	2902
87	2903
73	2903
5	2904
505	2904
1970	2905
4217	2905
2715	2905
2872	2906
689	2906
4765	2907
2295	2907
177	2907
485	2908
4512	2909
625	2910
4834	2910
2200	2911
1185	2911
2822	2911
4756	2912
2015	2912
4865	2912
3583	2913
2785	2914
3504	2914
3256	2914
3151	2915
3791	2915
956	2915
43	2916
3619	2916
2134	2916
931	2917
2940	2917
607	2917
2741	2918
4322	2918
3103	2919
828	2919
4	2920
1471	2920
3366	2920
3318	2921
2827	2921
273	2921
4993	2922
2900	2923
3745	2924
3956	2925
2561	2925
829	2926
2976	2926
4047	2927
3750	2928
2194	2929
3024	2929
57	2930
2022	2931
4995	2931
946	2932
1686	2932
3138	2932
1394	2933
243	2933
3053	2934
3753	2934
4742	2935
2424	2936
1599	2936
2192	2937
2822	2937
4974	2937
3078	2938
4922	2938
4766	2939
3433	2939
925	2939
1680	2940
294	2940
1708	2941
4018	2941
2763	2941
1868	2942
4560	2942
2045	2942
3905	2943
2044	2943
1094	2944
2222	2945
1054	2946
343	2946
4713	2947
4109	2947
3075	2947
3075	2948
330	2949
2104	2949
3020	2950
2504	2950
3540	2951
4278	2951
3437	2952
2492	2953
2035	2953
3408	2954
4985	2955
3666	2955
4848	2956
3952	2956
3163	2956
2717	2957
2867	2957
4954	2957
2826	2958
4721	2959
3775	2959
4241	2960
2516	2961
3747	2962
2059	2963
1346	2964
4200	2965
3911	2965
332	2966
4526	2966
4912	2966
3435	2967
1646	2968
2197	2968
76	2968
4843	2969
2871	2969
8	2969
2611	2970
2693	2970
809	2970
1573	2971
736	2971
4455	2971
342	2972
3174	2972
4735	2973
2355	2973
2014	2973
4568	2974
2835	2975
1715	2976
1551	2976
4256	2976
1327	2977
3580	2977
159	2978
2250	2978
2056	2978
18	2979
2416	2980
2263	2980
332	2981
3431	2981
346	2982
4977	2983
1187	2984
1649	2985
3239	2986
3335	2986
2587	2986
824	2987
1981	2988
2586	2988
686	2988
1469	2989
1470	2989
4363	2989
3980	2990
4937	2991
767	2991
3539	2991
4204	2992
1897	2992
4170	2992
2740	2993
2221	2993
4217	2993
3636	2994
895	2994
1	2995
3349	2995
661	2995
2411	2996
4465	2996
472	2997
384	2997
3044	2997
809	2998
2939	2999
284	3000
2717	3000
4490	3000
4689	3001
2596	3002
661	3003
809	3004
4094	3005
3197	3005
3308	3006
4076	3006
2804	3006
380	3007
1080	3007
762	3008
4448	3008
1118	3009
3385	3009
256	3010
3638	3010
1413	3011
2920	3011
3810	3012
1961	3012
4758	3013
106	3013
4735	3014
1801	3014
4454	3014
2017	3015
4975	3016
3413	3017
1969	3018
2467	3018
882	3019
37	3019
4040	3019
479	3020
129	3020
1275	3020
427	3021
3921	3021
1099	3021
3555	3022
324	3023
1349	3024
181	3025
1709	3025
550	3025
4407	3026
1631	3027
4525	3028
3911	3028
76	3029
3783	3029
4282	3029
2220	3030
182	3030
1430	3031
3979	3031
607	3032
3804	3033
2656	3034
963	3035
3261	3035
3153	3036
4467	3037
3465	3037
2552	3037
3381	3038
2188	3039
4292	3039
986	3039
719	3040
2866	3040
75	3041
4435	3041
3942	3041
3195	3042
4658	3042
4063	3043
2914	3043
4142	3044
4139	3044
221	3045
1882	3046
2029	3046
2077	3047
3529	3047
2275	3048
2308	3048
201	3049
1108	3050
4075	3051
1675	3051
4606	3051
4055	3052
4095	3052
448	3052
4514	3053
3864	3053
363	3053
824	3054
1869	3055
4712	3055
632	3055
1978	3056
1240	3056
3474	3056
2492	3057
1161	3057
1753	3057
4680	3058
3762	3058
2297	3059
1206	3059
2089	3060
1855	3060
4482	3060
3414	3061
1690	3061
2010	3061
326	3062
4160	3062
1113	3062
4826	3063
2949	3063
2163	3064
149	3065
4943	3066
615	3066
4039	3066
4417	3067
1776	3067
2923	3068
3438	3069
3606	3069
3069	3070
3504	3070
2133	3070
4424	3071
2381	3071
2778	3072
4727	3072
2380	3072
27	3073
1019	3074
3076	3074
4881	3075
4083	3075
2998	3076
4550	3076
1294	3077
3234	3078
2007	3079
868	3079
1147	3079
2477	3080
3809	3081
4891	3081
2115	3082
1853	3082
2478	3082
4254	3083
1873	3084
2886	3085
2740	3085
4661	3085
3959	3086
4078	3087
1659	3088
3230	3088
352	3089
3559	3089
3114	3090
3798	3091
2679	3092
1166	3093
4133	3094
3762	3094
3443	3095
4147	3095
293	3095
1224	3096
4019	3097
374	3098
4405	3099
21	3100
2660	3101
536	3101
2964	3101
1772	3102
4490	3103
579	3103
1636	3104
2532	3104
2525	3104
1819	3105
1462	3106
1946	3106
439	3107
504	3107
3703	3108
2595	3108
4400	3108
380	3109
353	3109
129	3110
1515	3110
4512	3110
1976	3111
4537	3112
4533	3112
1957	3113
481	3113
1806	3113
89	3114
1027	3114
1381	3115
1937	3116
3873	3116
2618	3117
4362	3118
3520	3118
4691	3118
4668	3119
1966	3119
548	3120
3077	3121
3960	3121
1477	3122
2363	3122
2397	3123
4946	3123
2145	3123
1738	3124
1891	3125
56	3126
731	3126
2640	3127
557	3127
81	3128
2999	3128
4057	3129
406	3129
4621	3130
2224	3130
1416	3131
4577	3132
2075	3132
2067	3132
724	3133
864	3133
3342	3133
4329	3134
518	3134
2172	3135
2167	3135
3652	3136
3673	3136
3349	3137
3423	3137
838	3138
1220	3138
4347	3139
4552	3139
4756	3139
152	3140
2603	3140
3276	3141
4308	3142
2459	3142
289	3142
2650	3143
102	3143
246	3143
2031	3144
1654	3145
609	3145
345	3146
4875	3147
1521	3148
2839	3148
4505	3148
2286	3149
3431	3149
847	3149
4041	3150
1239	3150
3487	3150
59	3151
2942	3151
1442	3151
3919	3152
2731	3152
62	3152
2180	3153
4310	3154
4480	3155
1446	3155
3216	3155
3886	3156
4619	3156
4021	3156
1826	3157
3959	3158
4833	3158
4475	3159
3529	3159
2417	3160
3571	3160
2058	3160
4013	3161
4946	3161
384	3162
2193	3163
4287	3164
3223	3164
470	3165
4676	3166
4304	3166
177	3167
2662	3167
4069	3167
2973	3168
2709	3169
4835	3169
506	3169
279	3170
1822	3170
3615	3170
4070	3171
2267	3171
4890	3172
715	3172
2090	3173
865	3174
4354	3175
4725	3176
2652	3176
1882	3176
4020	3177
970	3178
2895	3178
766	3179
1019	3180
3142	3181
3163	3182
1428	3182
4059	3183
201	3183
1581	3184
2531	3184
2703	3184
4831	3185
1959	3185
1390	3185
4122	3186
4834	3186
2196	3187
852	3187
4277	3188
2826	3188
2164	3189
1704	3190
4855	3190
3532	3191
2838	3191
753	3191
3919	3192
209	3193
1997	3193
598	3193
2399	3194
924	3194
4635	3194
3548	3195
430	3195
872	3196
4720	3196
1716	3197
4379	3197
1713	3198
1247	3198
570	3199
4422	3199
997	3200
4126	3200
4250	3201
3664	3202
1427	3203
2562	3204
1287	3204
4905	3204
2454	3205
3404	3206
376	3206
4604	3207
4062	3208
1883	3209
3783	3210
103	3210
916	3211
2147	3211
4798	3212
1539	3213
727	3213
980	3214
1701	3215
2557	3215
951	3216
4326	3217
1800	3217
240	3218
3198	3218
310	3218
849	3219
620	3220
3010	3221
1768	3221
1350	3222
2193	3222
666	3222
3412	3223
2627	3223
2381	3223
2572	3224
4653	3224
4492	3224
1964	3225
3326	3226
1159	3227
4892	3227
1962	3228
2397	3229
3567	3230
2367	3230
3357	3230
511	3231
3208	3232
2297	3232
3297	3233
51	3234
4616	3235
2336	3236
157	3237
4526	3238
4605	3238
3998	3239
744	3240
403	3241
3345	3241
1680	3241
1935	3242
593	3243
1784	3244
1718	3245
3602	3245
3044	3245
2779	3246
2854	3246
4999	3246
3562	3247
3105	3248
4862	3248
3409	3249
2679	3249
59	3250
1714	3251
3255	3252
1067	3252
4015	3253
2188	3253
4601	3253
365	3254
3413	3254
2658	3254
140	3255
2642	3256
1456	3256
1976	3257
2600	3258
3235	3258
2608	3258
1497	3259
1598	3259
2035	3260
3074	3260
892	3260
4843	3261
4599	3261
4885	3262
2029	3262
2454	3262
1500	3263
2465	3264
2965	3264
2642	3264
2756	3265
4840	3265
3351	3265
3619	3266
1498	3266
2857	3266
2025	3267
2964	3268
1638	3268
2672	3269
771	3270
3070	3270
2059	3270
196	3271
694	3271
2260	3271
3603	3272
2415	3273
600	3273
632	3274
4870	3274
1142	3274
981	3275
536	3275
4358	3275
4879	3276
1064	3277
2755	3278
787	3278
623	3278
4724	3279
2865	3280
2134	3281
3885	3282
2274	3282
2002	3282
4407	3283
27	3283
2413	3283
2860	3284
3134	3285
2682	3286
2092	3286
4876	3287
2172	3288
2491	3289
1150	3290
2027	3290
1243	3291
4595	3291
879	3292
2764	3293
700	3293
2409	3294
326	3295
125	3296
219	3296
2517	3297
2604	3298
3491	3298
1110	3299
4326	3299
928	3300
4866	3300
3406	3300
2931	3301
2468	3301
3899	3302
838	3302
3637	3302
3492	3303
921	3303
3581	3303
2501	3304
2174	3305
1363	3305
4940	3306
1077	3306
3342	3307
1567	3307
1129	3307
4237	3308
1882	3309
3002	3310
2429	3311
3767	3311
4112	3312
4894	3312
2801	3313
2408	3314
3522	3314
4546	3315
4093	3315
4808	3315
2310	3316
154	3317
1584	3317
644	3318
1968	3318
2339	3318
4156	3319
1841	3319
191	3319
688	3320
4834	3320
1833	3321
678	3321
2158	3321
800	3322
4751	3322
3125	3322
3088	3323
1003	3323
3662	3323
118	3324
1335	3325
2933	3325
1933	3326
1737	3326
2884	3327
1577	3327
1213	3328
4073	3329
1743	3329
4045	3329
1254	3330
2242	3331
127	3331
2137	3332
624	3333
3586	3333
4175	3333
1982	3334
3476	3334
1961	3334
4409	3335
469	3335
3017	3336
868	3336
3495	3336
4651	3337
4739	3337
4085	3338
1550	3339
709	3339
561	3340
3556	3341
2797	3342
2643	3343
931	3343
1293	3343
2460	3344
4350	3344
4459	3345
2813	3346
1523	3347
1190	3347
2770	3348
1639	3349
2045	3349
3588	3350
42	3350
2067	3351
4359	3351
994	3351
107	3352
1696	3352
1514	3352
4679	3353
3340	3353
200	3353
3699	3354
3625	3355
4165	3355
2614	3356
4280	3356
3591	3357
3959	3357
726	3357
531	3358
3510	3358
1605	3359
650	3359
684	3359
691	3360
3150	3360
3218	3361
3412	3361
1544	3361
4039	3362
347	3362
4113	3363
1092	3363
2409	3364
4701	3364
77	3365
1063	3365
461	3365
4516	3366
2653	3367
3302	3367
2061	3368
3311	3368
1873	3368
2719	3369
2648	3370
1453	3370
2216	3371
2238	3372
4204	3373
3318	3374
1007	3374
3441	3374
3609	3375
3333	3375
3391	3376
724	3376
65	3376
2530	3377
1884	3378
1081	3379
1481	3379
3092	3379
1646	3380
4337	3381
329	3381
141	3382
4951	3383
1090	3384
2268	3384
2286	3384
4894	3385
3344	3385
631	3386
183	3387
1791	3388
4405	3388
146	3389
2668	3389
4327	3389
4358	3390
1873	3391
4418	3391
3655	3392
3927	3393
4535	3393
4639	3394
3588	3394
4620	3394
3793	3395
1947	3395
4751	3395
4458	3396
392	3397
4865	3397
315	3397
3484	3398
3352	3399
3932	3399
1693	3399
2641	3400
3580	3401
4834	3402
1697	3402
4050	3402
741	3403
4680	3403
862	3403
3338	3404
1055	3404
2330	3405
1561	3405
251	3405
1485	3406
3544	3406
4499	3406
3069	3407
462	3408
1174	3408
3258	3408
3231	3409
828	3409
2463	3410
492	3410
1878	3411
1159	3411
4734	3412
1414	3412
1798	3413
4174	3413
2993	3414
3384	3415
230	3415
602	3416
1328	3417
4007	3417
4437	3418
815	3418
4452	3418
3937	3419
2973	3420
3842	3420
166	3420
4307	3421
3585	3422
4089	3423
3497	3424
4135	3425
504	3425
1345	3426
1546	3426
587	3427
1072	3427
4701	3428
887	3428
3347	3429
2454	3430
2476	3430
994	3431
580	3431
3587	3431
3111	3432
1557	3432
2872	3433
154	3434
1860	3435
2580	3435
1190	3436
1797	3437
4130	3437
3332	3437
2311	3438
602	3439
3487	3440
4865	3440
554	3440
4313	3441
4550	3441
367	3442
549	3442
940	3442
525	3443
3395	3444
4996	3444
4753	3444
4732	3445
317	3445
3307	3445
4808	3446
3196	3446
32	3447
4023	3447
4394	3447
3056	3448
3860	3448
454	3449
2055	3449
29	3449
2317	3450
2033	3450
2445	3451
4579	3452
1558	3453
1917	3454
3665	3454
3406	3454
62	3455
1068	3456
1399	3456
798	3456
3178	3457
4495	3458
1612	3458
3602	3458
1610	3459
1907	3459
2483	3460
459	3461
2255	3462
2389	3462
4592	3463
2213	3463
4502	3463
3862	3464
3248	3464
2083	3464
2756	3465
3093	3465
623	3465
4847	3466
793	3466
3873	3466
1052	3467
3006	3468
564	3468
2268	3469
3268	3469
2527	3470
2492	3471
4794	3471
469	3471
2507	3472
4262	3472
1238	3472
1571	3473
3558	3473
338	3474
1711	3474
2371	3474
2262	3475
590	3475
4724	3475
1326	3476
4961	3476
686	3477
2639	3477
1357	3478
3503	3479
2738	3480
85	3480
1208	3481
3006	3482
2888	3482
3500	3482
2974	3483
515	3484
4675	3484
4795	3484
4870	3485
2802	3485
3775	3486
4536	3487
1084	3488
3656	3488
3948	3489
4571	3489
3980	3490
1740	3490
2587	3491
198	3491
3345	3492
1212	3492
2408	3493
2573	3493
1747	3493
1609	3494
4818	3495
324	3496
4029	3496
2774	3497
2205	3497
2708	3497
3963	3498
868	3498
16	3498
3045	3499
2278	3500
3449	3500
4737	3500
3176	3501
4734	3502
554	3503
4814	3503
803	3503
2226	3504
4811	3504
138	3504
2398	3505
3069	3505
1505	3506
2957	3506
4936	3507
4776	3507
1013	3508
4591	3508
3484	3508
2117	3509
2740	3509
1460	3510
1954	3511
1557	3511
3669	3512
1347	3513
31	3513
1519	3513
450	3514
2500	3514
1323	3515
4400	3516
2676	3517
3935	3517
667	3517
4788	3518
2671	3518
242	3518
2646	3519
832	3520
3934	3521
3105	3521
2855	3522
2263	3522
4931	3522
4646	3523
288	3523
1982	3523
2220	3524
1601	3524
4491	3524
4254	3525
42	3526
4135	3526
32	3527
1441	3528
2960	3529
3774	3529
4053	3529
771	3530
3308	3530
1309	3530
3787	3531
1520	3531
3023	3531
1335	3532
541	3532
225	3533
3823	3533
640	3534
421	3534
4781	3535
676	3535
4683	3536
3600	3537
4651	3538
1022	3539
3539	3540
2807	3541
1001	3541
3400	3542
4072	3542
838	3543
491	3543
1580	3543
1451	3544
87	3545
4046	3545
4428	3546
1117	3546
133	3547
1146	3547
3301	3547
1018	3548
4381	3549
1884	3549
2031	3549
204	3550
941	3550
676	3550
2679	3551
2988	3552
2584	3553
2606	3554
4817	3555
4296	3556
4014	3557
828	3557
4747	3557
4817	3558
3915	3559
1254	3559
1465	3560
3996	3560
2846	3560
362	3561
1403	3562
2282	3562
2845	3562
2004	3563
2185	3563
3385	3564
2356	3564
2606	3564
139	3565
3903	3565
2405	3565
2124	3566
133	3567
2522	3568
3892	3568
822	3569
2022	3570
4989	3570
4586	3571
1965	3571
3187	3571
3157	3572
1445	3573
816	3574
2317	3574
4587	3575
4732	3576
3729	3577
3381	3577
3138	3577
1896	3578
4605	3578
763	3579
2616	3580
2517	3580
3403	3581
3372	3581
3300	3582
3859	3582
2038	3583
265	3583
2308	3584
4289	3585
439	3585
2480	3586
2678	3586
634	3587
4709	3587
274	3588
856	3589
3228	3589
2043	3589
2427	3590
2557	3591
3165	3592
2260	3593
522	3593
123	3594
1855	3594
2360	3594
190	3595
580	3595
4182	3595
2179	3596
1257	3596
1845	3596
1948	3597
522	3598
687	3598
3799	3599
189	3600
1065	3601
2901	3601
3133	3602
2728	3602
1113	3603
4983	3603
1607	3604
1781	3605
605	3605
4283	3606
951	3606
2467	3607
3829	3607
3152	3607
1593	3608
3116	3608
2046	3608
3342	3609
524	3610
2751	3611
2524	3611
1353	3612
1050	3612
232	3612
741	3613
292	3614
1872	3614
3571	3615
4701	3616
3418	3616
2726	3616
963	3617
3874	3617
4881	3617
3095	3618
3859	3619
4958	3619
397	3619
1386	3620
3360	3621
2147	3621
3392	3622
1397	3623
700	3623
3729	3624
142	3625
2370	3625
1343	3625
1036	3626
3167	3626
1242	3626
922	3627
1231	3628
1587	3628
3986	3629
4661	3630
857	3630
3159	3631
3343	3632
2080	3633
2677	3633
4189	3634
4462	3634
4595	3634
1696	3635
547	3636
2842	3636
2038	3637
3324	3638
741	3638
4960	3638
540	3639
4189	3639
627	3639
2499	3640
299	3640
3181	3640
4732	3641
3232	3642
3368	3642
801	3642
1755	3643
4051	3643
292	3644
1543	3645
1120	3646
4573	3646
2202	3646
3589	3647
1886	3647
1519	3647
3912	3648
991	3648
2196	3649
3392	3649
4591	3650
3116	3651
3042	3651
768	3651
1191	3652
2389	3653
1804	3653
3618	3653
1576	3654
1677	3654
4088	3654
1650	3655
2191	3656
2066	3657
4479	3657
1947	3658
2092	3658
4696	3658
1135	3659
3986	3659
229	3660
2713	3661
616	3661
3938	3661
1499	3662
3839	3662
279	3663
1817	3664
1828	3664
4427	3665
1912	3665
3323	3665
1982	3666
1771	3667
4178	3667
4188	3668
3147	3668
2888	3668
4006	3669
676	3669
289	3669
2019	3670
971	3670
4222	3671
1043	3672
2443	3672
938	3673
4798	3673
4450	3673
498	3674
2713	3674
330	3674
1125	3675
4815	3675
4181	3676
3108	3677
4292	3677
4703	3678
4741	3678
597	3679
834	3679
2933	3680
1747	3680
800	3681
3098	3682
4227	3682
4785	3682
4686	3683
3506	3684
3737	3684
2183	3685
3257	3685
3963	3686
649	3686
3546	3686
2092	3687
1573	3687
1561	3687
1257	3688
2992	3689
3984	3689
2936	3689
2070	3690
2452	3690
3628	3691
2880	3692
4895	3692
2936	3693
1088	3694
586	3695
3495	3696
1405	3696
1575	3697
656	3697
3189	3697
2664	3698
2127	3698
4713	3698
1494	3699
3155	3699
15	3700
4649	3700
1226	3700
366	3701
175	3702
1859	3702
1844	3703
3785	3703
2805	3703
3560	3704
4525	3704
2675	3705
4863	3705
555	3706
2536	3707
1081	3707
1667	3708
2330	3709
3763	3709
1317	3710
4166	3711
4708	3712
4138	3712
713	3712
3158	3713
3215	3714
339	3714
4774	3715
2451	3715
886	3716
1457	3716
4564	3717
3297	3718
1048	3718
4227	3719
2348	3719
3066	3719
3439	3720
4289	3720
3507	3720
2768	3721
4628	3721
3345	3722
2352	3723
3721	3724
3404	3724
1922	3724
945	3725
2014	3726
3263	3726
1056	3726
4631	3727
4337	3727
3890	3728
1554	3728
2188	3728
1705	3729
1854	3729
2965	3730
1927	3730
374	3730
2469	3731
2554	3731
4905	3731
4406	3732
2427	3732
3252	3733
3428	3733
2908	3733
5	3734
1049	3735
2822	3735
773	3735
766	3736
1782	3736
2201	3736
3544	3737
4874	3737
4010	3737
3355	3738
3051	3739
3758	3740
2332	3741
1573	3741
2721	3741
3263	3742
4058	3742
2084	3743
1021	3744
3917	3744
4958	3745
2374	3745
1636	3746
4676	3746
1823	3746
515	3747
1565	3747
2755	3747
64	3748
1804	3748
3382	3749
3582	3749
4282	3750
1103	3750
1151	3751
617	3751
4253	3752
4759	3752
2079	3752
1613	3753
2865	3753
2656	3753
691	3754
3372	3754
709	3755
4105	3755
3328	3755
2074	3756
1105	3757
1521	3758
1904	3759
2109	3760
314	3760
822	3761
3352	3761
2322	3761
2658	3762
855	3762
542	3762
620	3763
4385	3763
175	3764
3963	3765
1807	3765
1506	3765
3459	3766
2349	3766
3186	3767
3574	3767
3988	3767
1122	3768
551	3769
948	3769
3600	3770
2331	3770
4832	3771
2661	3771
1928	3772
2071	3772
1395	3772
66	3773
3577	3773
1365	3774
163	3775
3880	3776
4398	3776
3035	3777
2865	3777
4132	3777
4789	3778
4751	3778
3765	3778
2273	3779
1819	3779
348	3780
4361	3780
2715	3780
1332	3781
2581	3782
1114	3782
4383	3783
3578	3783
3718	3783
660	3784
1030	3784
3866	3784
562	3785
2287	3786
3818	3786
4458	3787
4139	3788
3404	3788
4186	3789
4666	3790
2249	3790
65	3791
4620	3791
1129	3791
1174	3792
2350	3792
3609	3793
4923	3793
2453	3794
108	3794
996	3795
1080	3795
952	3796
2037	3797
311	3798
1617	3798
1604	3799
631	3799
1752	3800
2361	3800
4377	3800
4974	3801
4457	3801
1701	3801
3322	3802
1154	3802
674	3802
976	3803
3536	3803
4765	3803
2556	3804
89	3805
802	3805
3764	3805
4737	3806
4053	3806
2883	3806
3365	3807
471	3807
358	3807
4157	3808
4367	3809
1223	3810
2778	3811
1587	3811
1725	3812
1197	3813
835	3813
2907	3814
243	3815
4906	3816
2244	3817
2238	3818
3572	3818
4677	3818
2570	3819
1171	3819
844	3820
4222	3820
1710	3821
1522	3822
1024	3822
4687	3822
2398	3823
1166	3823
1212	3823
487	3824
1559	3824
1420	3825
2149	3826
2434	3826
1794	3827
283	3827
1261	3827
1617	3828
3095	3829
215	3829
4740	3829
756	3830
3490	3830
4579	3831
359	3832
3034	3832
3405	3832
994	3833
4570	3834
1068	3835
1224	3835
3528	3836
3737	3836
2224	3836
498	3837
4881	3837
2712	3837
4875	3838
2737	3838
2910	3839
4454	3840
3362	3840
1708	3841
3737	3841
3020	3842
4916	3842
3273	3842
1551	3843
1194	3843
1804	3844
1948	3844
2526	3845
493	3846
4519	3847
3824	3847
2803	3848
2366	3849
1720	3850
1545	3850
1840	3850
2245	3851
4394	3852
143	3852
633	3852
1133	3853
3258	3854
823	3854
1901	3855
3838	3855
1415	3856
2475	3857
4774	3857
1529	3857
1922	3858
242	3858
3063	3859
3711	3859
255	3859
492	3860
2690	3861
776	3861
4106	3861
4095	3862
3198	3862
2087	3863
2229	3863
1631	3864
4622	3864
4058	3865
3220	3866
2453	3867
4313	3867
4997	3868
1099	3868
4213	3869
572	3869
489	3870
3066	3870
3869	3870
1794	3871
860	3871
4470	3872
1381	3872
4928	3873
4353	3873
1186	3873
2857	3874
2765	3875
199	3875
4056	3875
1561	3876
611	3876
1460	3877
4773	3877
1794	3877
1223	3878
4040	3878
3277	3879
1762	3880
4303	3881
593	3881
3233	3881
4541	3882
203	3883
1388	3883
4160	3883
2500	3884
2385	3884
4488	3885
3939	3885
963	3885
4777	3886
129	3886
201	3886
4979	3887
457	3888
1472	3888
4686	3889
3683	3889
4891	3889
4264	3890
2616	3891
4103	3891
2931	3892
2800	3892
2225	3892
3014	3893
3605	3893
4566	3893
3573	3894
2738	3895
3412	3896
774	3896
1611	3897
1070	3897
3946	3897
3686	3898
2470	3898
4607	3898
4455	3899
1431	3899
1899	3900
2346	3901
2757	3901
658	3901
1116	3902
3511	3902
739	3903
1577	3903
556	3903
1413	3904
582	3904
2195	3904
1708	3905
4124	3905
678	3906
2679	3906
1020	3906
66	3907
4768	3907
1342	3907
127	3908
1253	3909
2395	3910
1774	3911
4981	3912
333	3912
4894	3912
2673	3913
3378	3914
4193	3914
4234	3915
1444	3915
4649	3915
4235	3916
2397	3916
3202	3917
3741	3918
961	3918
1448	3918
1288	3919
3013	3919
2507	3920
1963	3920
3679	3921
71	3922
2520	3922
4146	3923
738	3924
4868	3924
2002	3924
1914	3925
1493	3925
738	3926
2758	3926
4772	3927
4856	3928
681	3928
791	3928
4585	3929
4704	3930
3268	3931
4491	3932
865	3933
670	3933
4222	3934
2716	3934
4438	3934
4885	3935
3478	3935
3176	3936
1878	3936
3823	3936
574	3937
634	3938
243	3938
3601	3938
2825	3939
988	3939
2329	3939
617	3940
1549	3941
4360	3942
3999	3943
1640	3944
3719	3945
4723	3946
1782	3947
2020	3948
1597	3948
1410	3948
642	3949
1293	3950
945	3951
4385	3951
3769	3952
2921	3952
1492	3953
2053	3954
2427	3955
4460	3955
1866	3956
1210	3956
145	3957
3702	3958
4040	3959
1037	3960
1014	3960
2711	3960
3579	3961
1552	3961
2193	3962
1296	3963
4036	3964
587	3964
3812	3964
3819	3965
2424	3965
261	3965
2921	3966
224	3966
1821	3967
1648	3967
683	3968
1945	3968
1267	3968
3687	3969
996	3969
4895	3970
2492	3971
4842	3971
2141	3972
4839	3972
4447	3972
3564	3973
4031	3973
4705	3974
1420	3974
1872	3974
456	3975
799	3975
4927	3976
2595	3976
1376	3976
3528	3977
3916	3978
3255	3979
428	3980
4304	3981
1908	3981
4103	3981
641	3982
3356	3983
1451	3983
1372	3983
2240	3984
2906	3984
1917	3985
2360	3985
4338	3986
4975	3987
3457	3987
760	3987
2007	3988
1446	3988
1662	3988
2588	3989
2396	3989
167	3989
4992	3990
3374	3990
1707	3990
2667	3991
4891	3991
1528	3992
2037	3992
160	3993
659	3993
4563	3993
4409	3994
3517	3994
470	3994
2687	3995
293	3995
3909	3996
3218	3997
3283	3997
1807	3997
3039	3998
1165	3998
2476	3999
3005	3999
589	4000
3065	4000
604	4001
2975	4002
4951	4002
4285	4002
3105	4003
864	4004
1786	4005
1186	4005
3080	4005
1749	4006
4020	4007
1954	4008
1539	4008
3200	4008
60	4009
4132	4010
451	4010
205	4011
785	4011
3852	4011
1430	4012
4624	4012
4721	4012
3805	4013
161	4013
1520	4013
3872	4014
4162	4014
4300	4015
1730	4015
3412	4016
4198	4016
732	4017
4637	4018
4251	4018
676	4018
3040	4019
4267	4019
1863	4020
474	4020
546	4020
3172	4021
3849	4021
2491	4022
2440	4022
1448	4022
275	4023
1221	4024
1308	4024
2426	4024
2675	4025
3223	4026
3464	4026
1329	4026
1331	4027
546	4028
2709	4028
3887	4029
4618	4029
2788	4029
1324	4030
1171	4030
47	4030
1481	4031
1920	4031
2594	4032
4080	4033
4701	4034
4106	4034
2323	4034
4964	4035
1581	4035
518	4035
2175	4036
1039	4037
18	4038
2131	4038
773	4038
3536	4039
4873	4039
2685	4040
4214	4040
1614	4040
4150	4041
2141	4042
2256	4042
882	4042
3260	4043
61	4043
3201	4044
658	4044
1390	4044
1886	4045
2591	4046
3122	4047
1899	4047
3298	4047
2616	4048
2881	4048
2329	4049
3043	4050
1340	4050
526	4051
3703	4052
1815	4052
2778	4053
990	4054
1219	4054
2995	4054
2964	4055
4799	4056
1907	4056
3316	4056
2007	4057
1971	4057
4093	4057
3508	4058
470	4059
2796	4059
4116	4059
3047	4060
819	4061
2182	4061
21	4061
69	4062
2386	4062
3665	4062
1711	4063
452	4063
3207	4064
4492	4064
816	4065
946	4065
764	4066
1880	4066
4605	4067
1778	4068
155	4068
2181	4069
617	4069
4638	4069
2315	4070
1330	4071
303	4071
3116	4072
562	4073
3138	4074
175	4075
254	4075
3118	4076
2157	4076
1752	4076
4682	4077
4684	4078
2095	4079
820	4079
3778	4079
2672	4080
1703	4080
3130	4081
2698	4081
280	4081
42	4082
3472	4082
4165	4083
4131	4083
4964	4083
80	4084
438	4084
74	4084
2347	4085
1743	4086
139	4086
2528	4086
1826	4087
2010	4088
2487	4088
3009	4089
4062	4089
3233	4089
2944	4090
100	4090
229	4090
4955	4091
4754	4092
2315	4092
4283	4093
1318	4093
3359	4094
3269	4094
2164	4095
181	4095
3003	4096
1480	4096
2743	4097
3781	4097
3657	4098
4498	4098
3549	4099
1491	4099
4007	4099
2419	4100
1523	4100
4709	4101
3956	4102
1418	4102
3426	4102
44	4103
1299	4104
1996	4104
1955	4105
3685	4105
3866	4105
4949	4106
3252	4106
1082	4106
3331	4107
533	4107
4274	4107
4401	4108
2082	4109
4249	4109
2705	4110
1320	4110
3476	4110
2037	4111
699	4111
247	4112
796	4112
3021	4113
353	4113
2599	4113
859	4114
4790	4114
745	4115
4513	4116
3498	4116
3487	4117
1514	4118
3245	4118
3472	4119
4749	4120
3436	4120
2595	4121
3140	4122
3298	4123
1644	4123
768	4123
2604	4124
4015	4125
3090	4126
3432	4126
3206	4126
3993	4127
3560	4127
1044	4127
2670	4128
2176	4128
4690	4129
1895	4130
1445	4130
613	4130
1482	4131
3875	4131
1675	4132
3184	4133
1258	4133
398	4134
1656	4135
575	4136
2831	4137
3831	4137
4168	4138
3606	4139
1678	4140
3456	4140
3303	4140
1041	4141
4866	4141
3108	4142
858	4142
1523	4142
4001	4143
3189	4144
242	4144
1284	4145
3351	4145
4416	4146
3940	4146
1448	4146
4372	4147
2079	4148
3585	4148
4227	4148
2480	4149
1136	4149
4387	4150
3294	4150
253	4151
2320	4151
289	4152
4834	4152
4187	4152
1905	4153
488	4153
3830	4154
4477	4154
739	4154
4846	4155
4654	4155
2989	4155
4286	4156
4708	4157
1297	4157
1801	4157
3523	4158
2126	4159
298	4159
4250	4160
536	4161
2006	4161
2612	4162
1527	4162
3300	4162
598	4163
2120	4163
2458	4164
2631	4164
734	4164
2663	4165
247	4165
4836	4165
2395	4166
3829	4166
3836	4166
3687	4167
399	4168
136	4168
3363	4169
927	4170
1959	4171
3378	4172
4356	4172
2835	4173
4966	4174
4338	4174
4386	4174
4111	4175
3117	4175
1153	4175
496	4176
1758	4176
3111	4177
4786	4177
2249	4177
3488	4178
3931	4179
259	4179
3793	4179
745	4180
205	4180
4760	4181
2873	4181
1315	4181
2718	4182
3801	4182
1052	4183
3268	4183
1206	4184
452	4184
2614	4185
464	4185
4822	4186
4105	4186
3905	4186
4498	4187
3698	4187
1159	4187
1252	4188
944	4189
2877	4189
1820	4190
99	4190
3055	4190
848	4191
4355	4192
3004	4192
4154	4192
368	4193
4439	4193
2236	4194
2987	4194
3544	4195
808	4195
770	4195
2847	4196
2842	4197
3426	4197
940	4197
949	4198
4554	4198
592	4199
2472	4199
1396	4199
3186	4200
1247	4200
3378	4200
2359	4201
993	4202
2487	4203
4958	4203
4161	4203
258	4204
3315	4204
3505	4204
1880	4205
2856	4206
1159	4207
4045	4208
4561	4209
3638	4209
3707	4210
2366	4210
166	4211
127	4211
3983	4212
4673	4213
2356	4213
4909	4214
753	4214
2986	4215
1973	4215
1838	4215
2342	4216
3545	4216
4868	4217
2755	4217
3661	4218
1501	4219
2630	4219
2152	4220
3252	4221
2897	4221
2145	4222
3864	4222
3923	4223
2771	4223
3437	4223
133	4224
2552	4225
1780	4226
4604	4227
1197	4227
1459	4227
3983	4228
2803	4229
3369	4229
4969	4229
2911	4230
3054	4230
3760	4231
2487	4231
3019	4232
281	4232
3393	4232
327	4233
2667	4234
1781	4234
4484	4234
4189	4235
1076	4235
3378	4235
1251	4236
3235	4236
2493	4237
1252	4237
1125	4237
1225	4238
1594	4239
3269	4239
4391	4239
118	4240
877	4240
2245	4240
3347	4241
2358	4241
1309	4242
349	4243
3065	4244
2534	4244
2084	4245
533	4245
99	4245
914	4246
280	4246
475	4247
1728	4247
1041	4247
3295	4248
2211	4249
4582	4250
1197	4250
3338	4250
4143	4251
1386	4252
12	4253
1160	4253
2745	4254
3576	4254
3734	4255
2658	4255
2728	4256
4172	4256
106	4256
4797	4257
4274	4257
1552	4257
3148	4258
1059	4259
303	4260
387	4260
3324	4261
2068	4261
3789	4261
410	4262
3369	4263
3633	4263
3171	4264
3335	4265
165	4266
4017	4266
1062	4267
647	4268
592	4268
568	4268
573	4269
347	4269
4597	4270
2553	4271
3883	4272
1691	4273
1860	4274
2655	4274
4962	4274
2967	4275
611	4275
2077	4275
4663	4276
4127	4276
4069	4276
994	4277
3211	4278
2538	4279
1504	4280
2287	4280
3875	4280
1726	4281
4061	4281
3601	4282
3124	4282
25	4282
2991	4283
2297	4284
828	4284
1822	4284
2061	4285
4689	4286
1409	4287
1604	4287
2307	4288
317	4288
3728	4289
465	4290
113	4290
706	4290
96	4291
1806	4291
1086	4291
212	4292
2922	4292
1400	4292
963	4293
3052	4294
966	4294
4521	4294
4308	4295
2749	4296
1910	4296
339	4296
238	4297
2440	4297
4018	4297
471	4298
324	4298
4457	4299
2948	4299
3355	4300
1437	4300
675	4300
4243	4301
4037	4302
4419	4303
816	4304
1175	4305
186	4305
1254	4306
1629	4306
2072	4306
2548	4307
1809	4307
3882	4307
2644	4308
2317	4308
1271	4308
3192	4309
4331	4310
1909	4311
486	4311
3242	4312
4727	4313
4044	4314
4134	4314
2752	4314
4687	4315
3790	4315
3060	4315
1689	4316
339	4316
168	4317
1718	4317
2716	4317
1863	4318
4503	4318
2768	4319
2707	4319
1233	4320
1243	4321
4995	4321
2745	4321
3088	4322
3503	4323
2999	4323
3039	4324
2745	4324
12	4324
321	4325
4756	4326
4191	4326
4219	4327
4509	4327
1973	4328
2421	4329
971	4330
92	4331
3875	4331
3803	4331
3245	4332
2152	4332
3577	4333
3501	4333
757	4334
4342	4334
2167	4335
763	4336
4995	4336
3741	4337
2861	4337
4400	4338
4467	4338
4445	4338
4591	4339
3535	4339
2038	4340
549	4340
3857	4340
686	4341
2553	4341
4066	4341
1367	4342
2405	4343
2750	4343
2554	4344
4965	4344
1562	4344
4852	4345
1243	4346
1919	4346
40	4347
666	4348
1467	4349
2144	4350
377	4350
1029	4351
3392	4351
1061	4351
2492	4352
4819	4353
3958	4353
1650	4354
692	4354
4615	4354
3099	4355
2193	4356
4470	4357
3353	4358
1715	4359
870	4360
3779	4360
4780	4360
4995	4361
1721	4362
4590	4362
580	4362
3243	4363
4764	4363
3430	4363
2995	4364
540	4365
3200	4365
194	4365
1048	4366
657	4367
188	4367
3096	4367
3418	4368
4533	4368
4779	4369
1227	4369
764	4370
3193	4371
4620	4371
3861	4371
2698	4372
3078	4372
988	4372
4649	4373
2470	4373
2969	4373
1281	4374
145	4375
4669	4376
4529	4376
1015	4377
4630	4377
1966	4378
820	4378
3825	4378
3852	4379
4030	4379
1919	4379
4473	4380
2338	4381
1841	4382
2723	4382
1012	4383
1643	4383
4283	4384
3341	4385
4790	4385
529	4385
3720	4386
228	4386
51	4387
4357	4388
4098	4389
3729	4390
4665	4390
2602	4390
2104	4391
177	4391
4712	4392
2722	4393
2379	4393
2048	4394
4539	4394
3832	4394
1985	4395
3572	4395
3567	4395
2158	4396
3132	4396
2718	4396
835	4397
1898	4398
3819	4398
1236	4398
1848	4399
3448	4400
1745	4401
3402	4401
529	4401
3397	4402
3896	4403
1354	4403
4673	4404
3522	4404
1179	4404
1531	4405
1445	4405
674	4405
406	4406
2195	4407
4537	4407
1560	4407
2396	4408
4859	4409
2236	4410
159	4410
2392	4410
1492	4411
2548	4411
3561	4411
2150	4412
48	4412
2363	4412
3779	4413
3776	4414
318	4415
3130	4415
4509	4415
3996	4416
907	4416
2289	4416
280	4417
3846	4417
4575	4418
4949	4418
232	4419
1510	4419
904	4419
3765	4420
1049	4421
4197	4422
4999	4422
436	4423
1425	4423
4060	4424
352	4424
3458	4425
4343	4425
223	4426
4801	4426
2030	4427
2989	4427
4170	4428
4199	4428
4551	4428
1457	4429
4275	4429
3183	4429
4952	4430
2799	4431
2986	4431
4597	4432
4475	4432
2963	4432
2948	4433
4774	4433
2985	4433
2645	4434
1240	4434
4619	4434
4939	4435
3220	4436
3604	4437
1914	4438
4105	4438
3574	4438
2385	4439
3243	4439
4758	4440
3836	4441
171	4441
3793	4442
2481	4442
786	4442
3607	4443
3225	4444
4707	4444
2617	4444
2189	4445
165	4445
3279	4445
4284	4446
2915	4447
28	4447
3628	4448
2714	4448
656	4448
4561	4449
63	4449
2209	4449
643	4450
4604	4450
3978	4450
4428	4451
1792	4452
1911	4452
2960	4452
4376	4453
435	4453
400	4454
3103	4455
3382	4455
4285	4456
1722	4456
158	4457
1805	4457
3797	4458
3948	4459
1693	4459
2761	4460
768	4460
511	4461
465	4462
3684	4462
1879	4462
2747	4463
1152	4464
2065	4465
4520	4465
97	4466
932	4466
3821	4467
3838	4468
3626	4468
3145	4469
3669	4470
544	4471
2682	4471
3357	4471
1117	4472
1471	4472
1401	4472
2826	4473
3558	4473
1692	4473
3349	4474
3449	4475
1722	4475
227	4476
1954	4476
768	4476
4723	4477
3784	4478
4899	4478
2682	4479
2172	4480
1208	4481
4788	4482
2341	4482
507	4482
2272	4483
2314	4484
2127	4485
625	4485
4782	4485
3079	4486
4421	4487
4089	4487
4847	4488
2278	4488
840	4489
4816	4489
1340	4489
2518	4490
4743	4490
66	4490
4536	4491
4335	4492
1941	4492
1372	4493
3413	4493
973	4494
3628	4495
2885	4495
4420	4495
4481	4496
4703	4496
2488	4496
125	4497
506	4498
4989	4498
4949	4498
3343	4499
2684	4499
2117	4500
3615	4500
2937	4500
935	4501
2805	4501
3158	4501
1612	4502
45	4503
4721	4503
2821	4504
4156	4504
4885	4505
2825	4506
4352	4507
733	4508
3287	4508
1538	4509
3262	4509
3358	4510
4903	4510
329	4511
1450	4511
3388	4512
905	4512
4671	4512
3404	4513
4686	4513
1814	4513
3237	4514
4074	4515
4902	4515
1350	4516
4417	4517
2885	4517
2646	4518
308	4519
2399	4520
331	4520
3524	4520
4846	4521
2946	4521
538	4522
2686	4522
739	4522
4264	4523
317	4523
4154	4523
753	4524
3302	4524
3707	4525
4290	4525
1739	4525
2954	4526
220	4526
4151	4526
3228	4527
4112	4527
3652	4527
4189	4528
4674	4528
3150	4528
296	4529
1922	4530
453	4530
2385	4530
4271	4531
3107	4531
2728	4532
3389	4532
928	4533
3363	4533
2390	4534
3847	4534
1726	4535
48	4535
4633	4535
3314	4536
4397	4536
3506	4537
2562	4538
3904	4539
4570	4539
3203	4540
1917	4541
86	4541
1366	4542
4392	4542
4347	4542
4416	4543
4955	4543
1983	4543
1715	4544
4005	4544
2405	4544
3862	4545
1993	4545
772	4545
4145	4546
4526	4547
1872	4547
3041	4547
4124	4548
4429	4549
2991	4549
1037	4550
740	4550
4600	4551
2147	4551
3277	4552
904	4552
3820	4553
4936	4553
3464	4554
3000	4554
4625	4554
4212	4555
587	4555
3286	4555
2142	4556
993	4556
2138	4556
2252	4557
4279	4558
825	4558
563	4558
3682	4559
3141	4560
3064	4561
2139	4562
2843	4562
3988	4563
2360	4564
190	4565
2273	4566
3101	4566
4364	4566
319	4567
3178	4568
3210	4568
4605	4568
1590	4569
2864	4570
3186	4570
2628	4571
2239	4571
4026	4572
2456	4573
4726	4573
1498	4574
117	4574
2088	4575
286	4576
3113	4577
1443	4578
1372	4578
4862	4578
941	4579
2361	4579
2206	4580
2929	4581
4452	4582
1892	4583
487	4584
1800	4584
3113	4584
2158	4585
3660	4586
3939	4586
2589	4586
3926	4587
3898	4587
876	4588
2519	4588
813	4588
371	4589
953	4589
507	4590
394	4590
4682	4590
529	4591
3806	4591
2679	4591
4301	4592
2811	4592
2372	4593
3617	4593
2675	4594
131	4594
3416	4594
389	4595
1115	4595
3926	4596
4768	4596
1670	4596
4459	4597
4765	4597
1553	4598
3952	4598
2858	4599
4004	4599
1505	4600
4579	4600
815	4601
4417	4601
3340	4601
512	4602
4728	4602
2109	4603
3350	4604
1724	4604
968	4604
4712	4605
1853	4605
4996	4606
4424	4606
4753	4607
150	4608
2486	4608
3152	4609
2818	4609
25	4610
1904	4610
3275	4611
1766	4611
562	4612
2929	4612
6	4612
3593	4613
24	4614
4279	4614
4542	4615
667	4615
465	4615
2236	4616
3136	4616
3596	4616
4452	4617
3597	4617
1273	4618
953	4618
118	4618
4954	4619
3410	4619
2758	4619
4573	4620
2946	4621
4204	4621
4659	4622
3626	4622
1476	4623
401	4623
3737	4623
1825	4624
2640	4624
3920	4625
4627	4626
3957	4626
2805	4627
4784	4628
4022	4628
2890	4628
2474	4629
3641	4629
2654	4630
4357	4630
4323	4630
855	4631
759	4631
4604	4631
2071	4632
3867	4633
2234	4633
721	4633
1475	4634
2710	4635
1775	4636
2099	4637
3128	4637
1582	4637
760	4638
2127	4638
3829	4638
275	4639
4302	4639
2649	4639
1157	4640
4375	4641
3732	4641
1653	4641
3387	4642
1500	4643
2061	4644
142	4645
2286	4646
3091	4646
221	4646
283	4647
1829	4648
505	4649
2110	4650
4105	4650
3970	4650
158	4651
4203	4651
900	4652
2925	4652
4802	4652
1280	4653
1921	4654
638	4654
514	4654
3669	4655
3036	4655
357	4655
1297	4656
3464	4656
1271	4657
1661	4657
1538	4657
3940	4658
4330	4658
2528	4658
4154	4659
4088	4659
139	4659
4310	4660
3183	4660
2409	4661
3428	4661
1612	4661
2373	4662
4906	4662
646	4662
2475	4663
152	4663
418	4664
845	4664
135	4664
1202	4665
189	4666
2424	4666
1440	4666
1824	4667
1180	4668
3740	4668
474	4668
2496	4669
3792	4669
4211	4670
3165	4671
2674	4671
607	4672
1955	4672
618	4673
3742	4673
336	4673
2130	4674
804	4675
3219	4675
2878	4675
3316	4676
2386	4676
4687	4676
859	4677
4594	4677
4316	4678
4685	4678
262	4678
731	4679
1811	4679
4077	4679
3435	4680
1686	4681
1887	4681
2264	4681
366	4682
2676	4682
234	4683
1364	4684
4215	4684
2677	4685
261	4686
2022	4686
2017	4687
4083	4687
923	4687
3811	4688
2274	4688
4412	4688
2677	4689
2066	4689
4612	4689
2004	4690
284	4690
3757	4690
3431	4691
3801	4691
3970	4692
857	4693
1966	4693
2748	4693
4246	4694
2730	4694
3054	4694
4849	4695
3454	4695
2770	4695
4464	4696
4414	4696
552	4696
4400	4697
2454	4697
1124	4697
1923	4698
4057	4698
1136	4699
2293	4699
686	4699
2668	4700
2263	4701
344	4702
126	4702
3802	4702
465	4703
4463	4704
299	4704
4427	4705
4307	4705
250	4706
3860	4706
684	4707
4353	4708
127	4708
1579	4708
3059	4709
1319	4709
4305	4710
1187	4710
3131	4710
3677	4711
4660	4712
4913	4713
2661	4713
1398	4714
2313	4715
1390	4715
4291	4715
2012	4716
3320	4717
1200	4717
1625	4717
4991	4718
3812	4718
1378	4719
3373	4720
907	4720
1020	4721
4753	4721
3436	4721
3836	4722
4501	4722
2676	4723
813	4723
2930	4723
258	4724
3737	4724
3024	4724
4113	4725
1114	4725
970	4726
3381	4726
4194	4727
4731	4728
887	4729
1619	4730
1481	4730
2046	4730
3335	4731
2458	4731
2511	4731
26	4732
3733	4732
504	4732
3738	4733
251	4734
728	4734
4099	4735
4676	4736
3401	4736
1306	4737
4978	4737
451	4738
2574	4738
2632	4738
1266	4739
2393	4739
4476	4740
2828	4741
1284	4741
1864	4741
4014	4742
247	4742
3685	4742
2068	4743
245	4744
4642	4744
3345	4745
607	4745
1389	4745
3209	4746
755	4746
931	4746
3405	4747
1190	4748
2275	4748
4095	4749
1455	4749
3268	4749
2409	4750
4125	4751
1621	4751
527	4752
2986	4753
1723	4753
3567	4754
263	4754
3056	4755
1657	4756
4142	4756
1757	4756
3827	4757
1825	4757
599	4758
1569	4758
2997	4759
3160	4759
1978	4760
4236	4760
4218	4761
3162	4762
2555	4763
2909	4763
4157	4764
4531	4764
2219	4765
2989	4766
3001	4766
1694	4766
2914	4767
1044	4768
597	4768
2105	4768
857	4769
3444	4770
2871	4771
4956	4771
3449	4771
4255	4772
2208	4773
1990	4774
3902	4775
88	4775
3319	4775
4563	4776
1800	4777
3180	4778
3792	4778
2018	4778
2921	4779
1159	4780
1405	4781
3150	4781
4524	4782
2821	4782
2858	4782
3244	4783
1291	4783
3190	4784
1040	4784
3744	4785
2757	4785
1522	4785
384	4786
312	4786
3671	4786
1927	4787
1009	4787
4906	4788
4062	4789
1868	4789
1070	4790
4662	4791
1566	4791
2327	4791
4568	4792
406	4792
3181	4792
4522	4793
4306	4794
3730	4794
3365	4794
714	4795
2834	4796
2622	4796
2041	4796
1572	4797
4510	4797
3758	4797
863	4798
1374	4799
4504	4800
2623	4800
4279	4800
3520	4801
3784	4801
1164	4802
568	4802
2462	4802
2268	4803
3604	4803
1235	4803
1114	4804
4943	4804
4901	4804
2338	4805
4526	4805
4144	4806
3911	4806
3669	4807
4430	4807
3684	4808
1417	4808
3654	4808
4811	4809
887	4809
1138	4810
4975	4810
180	4811
1609	4811
1679	4811
2021	4812
4552	4813
3761	4813
4212	4813
1507	4814
1866	4814
3348	4815
3146	4815
2645	4815
4168	4816
4911	4817
779	4817
3014	4818
4719	4819
4451	4819
29	4820
1675	4820
3898	4821
2524	4822
2842	4822
1234	4823
3541	4823
2230	4823
4509	4824
1346	4824
3351	4825
453	4826
3815	4826
1872	4826
2541	4827
2448	4827
1058	4827
897	4828
1644	4829
581	4829
2297	4830
1802	4830
4438	4831
4189	4831
1505	4832
135	4832
4104	4833
4688	4833
730	4834
3690	4834
4405	4835
1157	4836
3576	4836
3334	4836
4412	4837
74	4838
2350	4838
2748	4838
2584	4839
754	4839
2125	4840
2089	4841
1304	4841
4779	4842
1187	4843
4095	4844
3362	4844
1249	4845
417	4845
3028	4846
395	4846
2740	4846
1675	4847
237	4848
1277	4848
2451	4848
475	4849
2025	4849
4247	4849
44	4850
1016	4850
505	4850
81	4851
4920	4852
1430	4852
2424	4853
1547	4854
2844	4854
768	4855
2847	4855
329	4855
4938	4856
719	4856
2694	4857
2096	4858
3926	4858
1485	4859
2168	4860
3669	4860
864	4860
3788	4861
2373	4862
1122	4862
2776	4863
697	4863
2943	4864
2759	4864
429	4865
1362	4865
4641	4866
367	4867
2329	4867
3424	4868
1722	4869
3538	4869
1697	4870
1349	4870
1988	4871
2583	4871
390	4872
8	4872
3366	4873
2027	4874
2775	4874
1986	4875
2691	4875
2131	4875
2480	4876
3081	4876
2555	4876
953	4877
3483	4878
140	4878
3206	4878
4126	4879
788	4879
558	4880
4452	4880
4810	4880
1329	4881
4962	4882
3031	4882
4751	4883
4897	4883
5	4883
3719	4884
923	4884
1322	4885
3734	4885
324	4885
4394	4886
4149	4887
3992	4888
661	4889
2275	4889
1490	4890
3880	4890
855	4890
4648	4891
948	4891
4428	4891
4393	4892
3645	4892
1158	4892
3065	4893
4147	4893
4310	4893
4631	4894
4532	4894
979	4895
1033	4895
3882	4896
1985	4896
3641	4897
4250	4897
273	4898
3430	4899
4185	4900
3369	4901
1346	4901
3313	4901
2260	4902
1193	4903
1722	4904
3735	4904
1490	4904
1835	4905
331	4905
1706	4906
278	4906
2230	4906
4533	4907
2982	4908
1586	4909
3654	4909
4243	4909
922	4910
2312	4911
1649	4911
1386	4912
3379	4913
4756	4914
3765	4914
2387	4915
1204	4915
4727	4916
75	4917
4374	4917
524	4917
3047	4918
3716	4918
455	4919
3449	4919
2397	4919
1403	4920
1540	4920
276	4921
863	4921
1060	4922
4531	4922
2305	4922
4787	4923
2849	4923
2488	4924
576	4924
1805	4925
4673	4925
4651	4925
3086	4926
3121	4926
2717	4926
3218	4927
1124	4927
3752	4928
3216	4928
2352	4929
2009	4929
2554	4929
1613	4930
296	4930
1347	4930
2936	4931
4514	4932
1242	4932
1760	4933
4377	4933
3271	4933
120	4934
793	4935
1615	4936
985	4936
490	4936
2149	4937
4881	4937
1146	4938
1151	4938
1056	4938
1896	4939
2922	4939
3843	4939
4496	4940
3665	4940
2885	4940
3044	4941
1145	4941
2334	4942
1921	4942
3047	4942
98	4943
3861	4943
1771	4943
3308	4944
4441	4945
4937	4946
834	4947
2795	4948
4549	4948
4412	4949
666	4949
774	4950
1361	4950
4059	4951
2206	4951
1702	4951
3070	4952
1007	4952
4644	4952
287	4953
914	4953
4877	4954
4063	4954
1378	4955
3447	4955
757	4955
4909	4956
2405	4956
1353	4957
4446	4958
2739	4958
4718	4959
4014	4959
4955	4960
4656	4961
1615	4961
580	4962
603	4962
2006	4963
3942	4963
2043	4964
765	4964
2667	4965
3942	4965
1124	4965
4371	4966
4616	4966
4054	4967
2779	4968
901	4969
3101	4970
1197	4971
3869	4971
86	4972
236	4972
1154	4973
2667	4974
1902	4975
1561	4975
3634	4975
3881	4976
4098	4976
1953	4977
2501	4977
3075	4978
1299	4979
3179	4980
659	4981
67	4981
254	4982
1147	4982
3118	4982
3444	4983
1603	4983
3674	4984
880	4984
747	4984
4412	4985
1330	4985
944	4985
1999	4986
4632	4986
2508	4987
2885	4987
1597	4987
313	4988
3194	4988
1391	4988
3738	4989
1334	4989
2155	4990
693	4990
4700	4991
2400	4991
1040	4991
1389	4992
360	4993
3451	4993
4763	4994
778	4994
2581	4995
4443	4995
213	4996
2365	4996
1496	4996
4172	4997
4587	4998
2393	4999
4667	4999
3940	5000
180	5000
4101	5001
4467	5002
4763	5002
2298	5003
3611	5004
1399	5004
2024	5005
106	5005
4080	5005
2814	5006
3644	5007
1270	5007
967	5007
1462	5008
3404	5009
1132	5009
430	5009
3359	5010
2028	5010
1362	5011
2977	5011
1500	5011
507	5012
4908	5013
4910	5014
1884	5015
4478	5015
2063	5016
44	5017
3504	5018
4661	5019
2783	5020
1671	5020
1683	5020
4492	5021
2308	5022
1013	5023
2661	5023
4698	5023
763	5024
1638	5024
4725	5025
4156	5025
2072	5026
2562	5027
3810	5027
4612	5028
2395	5029
3018	5029
2872	5029
1993	5030
395	5030
3399	5030
4622	5031
435	5031
1027	5031
3932	5032
91	5032
4441	5033
626	5033
1932	5034
414	5035
388	5035
3082	5036
1556	5036
2573	5036
3997	5037
3081	5037
1018	5038
3673	5038
1154	5038
4550	5039
4361	5039
860	5039
4437	5040
209	5041
4029	5041
784	5042
2936	5042
804	5042
1037	5043
471	5043
1689	5043
1455	5044
4595	5045
4745	5046
3302	5046
1513	5047
2659	5047
4680	5048
1673	5048
4671	5048
1722	5049
3603	5049
3625	5049
1670	5050
121	5050
42	5050
4600	5051
220	5051
1958	5051
162	5052
1029	5052
1516	5053
2977	5054
1914	5054
3955	5055
3785	5056
4649	5056
1946	5057
4187	5057
2708	5057
2222	5058
2951	5058
4811	5059
134	5060
398	5061
2694	5061
985	5062
1691	5062
1053	5062
4943	5063
781	5064
4507	5064
959	5064
2328	5065
1129	5065
2266	5066
2077	5066
270	5066
3114	5067
3804	5067
1261	5068
1429	5068
4098	5069
4116	5069
1161	5069
1612	5070
2003	5070
4429	5071
4696	5072
1127	5072
3874	5072
2210	5073
747	5073
1494	5073
205	5074
1245	5074
2547	5074
1981	5075
1513	5075
4686	5076
4891	5076
3062	5076
417	5077
1920	5077
4443	5077
4450	5078
4034	5078
4698	5079
891	5080
431	5081
2955	5082
437	5083
3862	5084
399	5084
4587	5084
2006	5085
2108	5085
1097	5085
2485	5086
1816	5086
50	5087
77	5087
4745	5088
2106	5088
3665	5088
3077	5089
3395	5089
2058	5090
261	5090
145	5091
3953	5092
3607	5092
1996	5093
519	5094
2094	5095
118	5096
920	5096
4071	5097
2296	5097
4520	5097
2513	5098
1802	5098
967	5098
1396	5099
1083	5099
28	5099
895	5100
742	5101
4675	5101
4606	5101
4261	5102
3839	5102
84	5103
1097	5103
4658	5104
3952	5105
4621	5106
3502	5106
1923	5107
4777	5107
4310	5108
193	5108
3279	5108
1182	5109
2767	5109
2020	5110
1703	5111
3578	5112
1116	5112
1469	5113
957	5113
657	5113
439	5114
2706	5114
3998	5115
3320	5116
883	5117
1823	5117
816	5117
4563	5118
4253	5118
3454	5119
2486	5119
1042	5120
336	5120
2661	5121
916	5121
4638	5122
2708	5122
1634	5123
664	5123
2885	5124
4542	5125
292	5126
2589	5126
512	5126
4260	5127
4464	5127
70	5128
3241	5128
1037	5128
789	5129
4000	5129
1783	5129
2996	5130
2345	5130
76	5130
3902	5131
3117	5131
263	5131
3102	5132
411	5133
1928	5133
2244	5133
2084	5134
3797	5134
2347	5134
1727	5135
3350	5136
987	5136
3714	5136
2757	5137
1371	5137
3662	5137
541	5138
2592	5138
4339	5139
2012	5139
670	5140
2300	5140
1582	5140
3910	5141
332	5142
1551	5143
900	5143
2397	5144
4023	5144
4582	5145
1441	5146
2574	5146
776	5147
4032	5148
4971	5149
3349	5150
1982	5150
1989	5151
3995	5152
3944	5153
2702	5153
4256	5153
1515	5154
2657	5154
1952	5154
460	5155
2749	5155
4637	5156
4918	5156
441	5156
233	5157
2714	5157
128	5157
4052	5158
4377	5158
4422	5158
3483	5159
4129	5159
4239	5159
138	5160
589	5160
690	5161
4948	5161
3488	5161
4310	5162
207	5163
117	5163
350	5164
205	5165
2153	5165
4997	5166
3356	5166
233	5167
3969	5167
2299	5168
3562	5168
4310	5168
4063	5169
3326	5169
